0.0
0.2541028795631835
0.0
0.0
0.250624970235733
0.23761457314605428
0.0
0.0
0.0
0.0
0.0
0.0
0.24847273019107305
0.23999788342990186
0.0
0.0
0.0
0.0
0.0
0.0
0.22557734578870042
0.2360114258707401
0.0
0.0
0.0
0.0
0.0
0.0
0.23194230511797767
0.0
0.0
0.3928565759187237
0.3928565759187237
0.0
0.0
0.0
0.0
0.0
0.23225394085888224
0.2350680637519857
0.0
0.0
0.3781011629275448
0.3505703915895201
0.3877450591316771
0.3748597772309971
0.0
0.0
0.0
0.0
0.24969516099161307
0.25028649777698453
0.2557766489403921
0.4085156670282474
0.42138718492397353
0.0
0.7087403109835853
0.41044019366616397
0.0
0.0
0.35399700352588936
0.0
0.0
0.0
0.2620809198474093
0.26045944002289745
0.2815486812990537
0.405013140993752
0.43073879266453585
0.4254364102971135
0.5293739041338057
1.0
0.2178966584649575
0.22263785107661607
0.22110003526171085
0.28526622033079163
0.25911017966545086
0.26951465908988154
0.25612860553022215
0.25058959930702773
0.2585853851537568
0.255776033589254
0.4196759987260727
0.41998034874141627
0.4476228272085086
0.418285298086216
0.28367894499860175
0.0
0.0
0.0
0.2091757849262413
0.34293257543159694
0.24128636624412933
0.28511062289579153
0.258350662751012
0.29775097118670596
0.23642793519767882
0.28879677257198255
0.3366298912612112
0.0
0.0
0.0
0.1973906265029969
0.21618019850683817
0.22396685576963127
0.26874894832923246
0.22841177871259624
0.23090310622224916
0.0
0.0
0.212386194026239
0.2878618484460218
0.0
0.0
0.0
0.0
0.19250549600651215
0.0
0.2161441384236844
0.2690804491081239
0.0
0.20210150988784212
0.18664338439558695
0.0
0.0
0.2993888403841575
0.25927256131439
0.23772609819121446
0.2622938328438765
0.0
0.0
0.0
0.0
0.0
0.18858434745205072
0.0
0.2215686052181012
0.26779524514469255
0.0
0.18995705734718954
0.18616230046268845
0.0
0.23917404922246577
0.23805063893959838
0.0
0.0
0.0
0.0
0.0
0.20058905282245154
0.0
0.0
0.2426425784708188
0.0
0.17488689578537978
0.19277720454004285
0.0
0.0
0.22707352539131906
0.0
0.0
0.0
0.0
0.0
0.0
0.0
0.0
0.21961135433267798
0.18922348334523903
0.0
0.23051988253035954
0.25316809785418404
0.2917568982689358
0.2452806856119288
0.23140182387073324
0.19394555123422494
0.0
0.0
0.22428083861530962
0.0
0.0
0.0
0.0
0.21950948487975236
0.17317209023217436
0.0
0.2919893113210043
0.0
0.0
0.0
0.21490277006111597
0.24200664800712424
0.22061966003446254
0.0
0.2025675171162908
0.19719286778128983
0.21207739319970448
0.0
0.0
0.0
0.0
0.18147236847133663
0.0
0.29388550001064734
0.0
0.0
0.0
0.0
0.23853466828433095
0.21425098405811158
0.22313053588551643
0.2157790300817525
0.20493432554707258
0.21113284745599167
0.28674384588346014
0.29419618841001494
0.0
0.0
0.0
0.2276189720272584
0.23383160921060753
0.2007284528754487
0.21633190842810654
0.24133661401698547
0.2454941798786647
0.2820415607877992
0.0
0.38867877882579804
0.28308400210062334
0.0
0.0
0.0
0.2317220943461121
0.22047593231101204
0.1808569105656176
0.21019955753251152
0.0
0.0
0.0
0.0
0.0
0.0
0.0
0.0
0.0
0.0
0.240095245654417
0.2533365081884806
0.0
0.0
0.0
0.0
0.0
0.0
0.0
0.0
0.0
0.0
0.0
0.0
0.0
0.0
0.0
0.0
0.0
0.0
0.0
0.0
0.0
0.0
0.0
0.3152427760745375
0.0
0.0
0.3003412969283276
0.30824307562536085
0.0
0.0
0.0
0.0
0.0
0.0
0.30983454092911494
0.3840939757123581
0.0
0.0
0.0
0.0
0.0
0.0
0.29153901103262164
0.2985975510321887
0.0
0.0
0.0
0.0
0.0
0.0
0.27899972606925294
0.0
0.0
0.0
0.0
0.0
0.0
0.0
0.0
0.0
0.30578241699783515
0.3011079790913111
0.0
0.0
0.0
0.0
0.0
0.0
0.0
0.0
0.0
0.0
0.32885523127419075
0.3141589874568959
0.3152797463139554
0.26125825281948784
0.2707087961504394
0.0
0.0
0.0
0.0
0.0
0.0
0.0
0.0
0.0
0.3010161804224825
0.31584008343487013
0.3005128595614871
0.26032224779744423
0.2457475174992438
0.2711114638727941
0.0
0.0
0.2693570196768863
0.2747196867476254
0.2826050907581188
0.27209784488162164
0.2586542632145935
0.29981380255263557
0.2918758893481155
0.2996816779231877
0.29264935133654874
0.2699122036043344
0.4635080327738735
0.23502159195468186
0.0
0.0
0.2617162978302751
0.0
0.0
0.0
0.26875535998792005
0.3679999267953199
0.31841797643514425
0.26327405591780895
0.0
0.2381464050620723
0.23741910018598644
0.24741459406208707
0.25933123944077197
0.0
0.0
0.0
0.23268686547994427
0.2655858930602958
0.25624988552204997
0.28132119329198463
0.0
0.2837965664875363
0.0
0.0
0.2725197022109167
0.2649545598857052
0.0
0.0
0.0
0.0
0.22950880191672648
0.0
0.33200518559674047
0.3272452546204431
0.0
0.24752473232511327
0.3034780538137947
0.0
0.0
0.31107230732597824
0.3273853480434955
0.3042569516099161
0.2823504510940022
0.0
0.0
0.0
0.0
0.0
0.22961939756456592
0.0
0.29875118637852993
0.27794392761659265
0.0
0.2503055798079213
0.23768553059766648
0.0
0.3280481704169036
0.35646744450617773
0.0
0.0
0.0
0.0
0.0
0.2259809416856513
0.0
0.0
0.31023081952838283
0.0
0.2190650051591396
0.23819407435964304
0.23090220192914224
0.0
0.3237175230709367
0.0
0.0
0.0
0.0
0.0
0.0
0.0
0.0
0.2319882644562975
0.2590768782475669
0.0
0.31895864751170727
0.269331083862322
0.2868534539778289
0.3135829399693751
0.31493960015448597
0.24681323914596395
0.0
0.0
0.3386720226652371
0.0
0.0
0.0
0.0
0.0
0.25037654050622543
0.0
0.2813464031536895
0.0
0.0
0.0
0.3394881679951923
0.38226098281204696
0.419111922462982
0.0
0.0
0.33055160872369704
0.3428794080750585
0.0
0.0
0.0
0.0
0.2691985702742476
0.0
0.29235491640897965
0.0
0.0
0.0
0.0
0.42427562891091736
0.3375734296729453
0.26884088160021474
0.22149906077201892
0.33169463367371793
0.34551026835207094
0.33345722566925123
0.31021322887437375
0.0
0.0
0.0
0.489510711528332
0.4950869116596555
0.25036264682449183
0.24713072466068733
0.22079446572618544
0.2834933852386508
0.0
0.0
0.35090955395705814
0.34702606899745764
0.0
0.0
0.0
0.4144311597601541
0.44608125865368503
0.2284331509082215
0.25773875965643245
0.0
0.0
0.0
0.0
0.0
0.0
0.0
0.0
0.0
0.0
0.40552936869029543
0.4151803431111312
0.0
0.0
0.0
0.0
0.0
0.0
0.0
0.0
0.0
0.0
0.0
0.0
0.0
0.0
0.0
0.0
0.0
0.0
0.0
0.0
0.0
0.0
0.3217821520226473
0.2940323987060848
0.0
0.0
0.3026940316900673
0.30279842356947845
0.0
0.0
0.0
0.0
0.0
0.0
0.30846311844339175
0.0
0.0
0.0
0.0
0.0
0.0
0.0
0.2867944100545462
0.294068312299918
0.0
0.0
0.0
0.0
0.0
0.0
0.2855388627852532
0.0
0.0
0.13660669039667372
0.17995277402968488
0.0
0.0
0.0
0.0
0.0
0.2826799847769766
0.2778536364871573
0.0
0.0
0.13754626990598098
0.13728073656639414
0.14324623557694247
0.14262732310783527
0.0
0.0
0.0
0.0
0.29409364946190586
0.29927649935587075
0.302313385793083
0.16113448157261157
0.1332977364725916
0.0
0.15755800990826024
0.1413563645693549
0.0
0.0
0.15185225151630546
0.0
0.0
0.0
0.3005597050669046
0.28758959499732906
0.25729909653577065
0.17902615777424816
0.17577555571196873
0.2120108364395497
0.16259133544679083
0.15531708865782998
0.2744930153186761
0.2749809593128803
0.2834533825435881
0.2556400060205074
0.25377955719620465
0.25580096544458797
0.26924273269221277
0.2746229650640611
0.2841855908147534
0.23751311832508754
0.16665762137691473
0.18778739053364024
0.1617429954758314
0.1441422554061488
0.23321819506341457
0.0
0.0
0.0
0.26530659201595275
0.3090676784204399
0.3849702357329947
0.3226759068180014
0.0
0.2388063876753455
0.2846155309453262
0.2318682703289673
0.24937644873013892
0.0
0.0
0.0
0.2662887946632004
0.30326460586004994
0.0
0.32926310347709853
0.0
0.3185072408344096
0.0
0.0
0.2823862055832309
0.24129536746789693
0.0
0.0
0.0
0.0
0.2844093495115019
0.0
0.2614175728232399
0.33402555622133645
0.0
0.33216745597093245
0.3449992978685732
0.0
0.0
0.2687197396618779
0.2772343417491954
0.2817211586672578
0.2883544549391045
0.0
0.0
0.0
0.0
0.0
0.2984623288928034
0.0
0.2608865061440662
0.33877112815374416
0.0
0.35578403658410007
0.35368700405608094
0.0
0.26575830533287476
0.0
0.0
0.0
0.0
0.0
0.0
0.3034978563001368
0.0
0.0
0.3592939915866339
0.0
0.0
0.337328812944338
0.313378254748706
0.0
0.2653761158989226
0.0
0.0
0.0
0.0
0.0
0.0
0.0
0.0
0.3399620294622908
0.37631716802920867
0.0
0.36633468669762276
0.41098542212344896
0.4047613206435335
0.4156758472894674
0.3421065163901897
0.3281106966161335
0.0
0.0
0.2658459836802204
0.0
0.0
0.0
0.0
0.5013613661284111
0.38469500021369213
0.0
0.39447190373454366
0.0
0.0
0.0
0.31978926898960236
0.30916722757857507
0.32713707437098183
0.0
0.2995527665784942
0.25341439796809273
0.25601002224543773
0.0
0.0
0.0
0.0
0.4134511617144756
0.0
0.3715487386893195
0.0
0.0
0.0
0.0
0.32720631905652064
0.2724695010114488
0.2820115319580316
0.2555758393523295
0.24254877371219938
0.2364685027912268
0.4026010494062169
0.3520503494675114
0.0
0.0
0.0
0.3359408135454524
0.3340219745331262
0.2513621299634762
0.24712069880232768
0.23967334268151794
0.27889566248217346
0.3082974839272958
0.0
0.5102412786832186
0.43635840506822327
0.0
0.0
0.0
0.0
0.32488858537413384
0.0
0.0
0.0
0.0
0.0
0.0
0.3043492778573012
0.0
0.0
0.0
0.0
0.0
0.0
0.0
0.30648237388454863
0.2948716860142093
0.0
0.0
0.34298548091706277
0.3196888641955711
0.0
0.0
0.0
0.0
0.33453660343413494
0.3738238313844673
0.39916773440068937
0.0
0.0
0.0
0.40447745285907044
0.38931688148507887
0.0
0.4081099910927675
0.0
0.0
0.0
0.229080057374168
0.0
0.0
0.2114484394705047
0.21667169585167415
0.0
0.0
0.0
0.0
0.0
0.0
0.2069301315400212
0.21809138291398789
0.0
0.0
0.0
0.0
0.0
0.0
0.22513142068662348
0.21001577784322004
0.0
0.0
0.0
0.0
0.0
0.0
0.2233526877387501
0.0
0.0
0.09555406891703423
0.08992096878437063
0.0
0.0
0.0
0.0
0.0
0.2279538156565434
0.23761468868057523
0.0
0.0
0.0972387052751166
0.09872093615579534
0.08128067087973594
0.09285189013853652
0.0
0.0
0.0
0.0
0.2555758393523295
0.22419112627986346
0.21572525443449123
0.10060763199901226
0.09270637216750445
0.0
0.09464920971969418
0.0954555476184177
0.0
0.0
0.0952116647913233
0.0
0.0
0.0
0.20398322211164502
0.17487396279234133
0.1578544143971975
0.10543868935979796
0.1096383310844776
0.11985511115600804
0.08951597465718568
0.1004799633957877
0.2351573275507041
0.26193915616885693
0.2985400415037687
0.21023530396020274
0.1311608253111547
0.12101551788268287
0.1630985707384367
0.18025806000389166
0.19200191275223685
0.2852060138983801
0.23065583267091797
0.12869032719377813
0.08446172976691271
0.09313581886008268
0.2382079163791998
0.0
0.0
0.0
0.22561997353056812
0.22682836148232316
0.21299858963165572
0.23674894832923246
0.0
0.09696185648912946
0.1628748313358203
0.2558693235697676
0.35039969158549994
0.0
0.0
0.0
0.23573946768775764
0.21357988913848827
0.0
0.2307953667503828
0.0
0.1867529168981665
0.0
0.0
0.255970551073337
0.24400691620405604
0.0
0.0
0.0
0.0
0.0
0.0
0.27650871762309176
0.21678516833699996
0.0
0.1749345186125883
0.17365880408979067
0.0
0.0
0.2263671719977776
0.2247482419854904
0.24250645094929785
0.2479211541145849
0.0
0.0
0.0
0.0
0.0
0.0
0.0
0.24732439082466862
0.2136920527692282
0.0
0.1722727200571474
0.17083013643058093
0.0
0.22259330878205674
0.24243193904278115
0.0
0.0
0.0
0.0
0.0
0.0
0.0
0.0
0.2057234042626936
0.0
0.0
0.19062025679693748
0.1694102706564013
0.0
0.21624913690110276
0.0
0.0
0.0
0.0
0.0
0.0
0.0
0.0
0.0
0.0
0.0
0.23273070935694581
0.23009454671242563
0.2325459285535482
0.21045274368180478
0.21619213388647357
0.2270973886816414
0.0
0.0
0.21218181510632508
0.0
0.0
0.0
0.0
0.0
0.0
0.0
0.22011628987909915
0.0
0.0
0.0
0.2196267103005733
0.2099625222781029
0.20971466957307877
0.0
0.18469918247479958
0.2268293344559192
0.2246859754465563
0.0
0.0
0.0
0.0
0.0
0.0
0.20941210230360163
0.0
0.0
0.0
0.0
0.19884108843872025
0.14221463307898738
0.18155817355118886
0.17817287086276687
0.2201316137984912
0.21555996507659336
0.22917985848377148
0.20338330260403178
0.0
0.0
0.0
0.24320805506105925
0.2344425094428596
0.14069815064687674
0.16564141035258814
0.1808690555416486
0.22400446989110873
0.22558078479977042
0.0
0.23015458052813217
0.19084890778804323
0.0
0.0
0.0
0.2322320869507154
0.20843285995760483
0.0
0.2639733312167632
0.0
0.0
0.0
0.0
0.2662984948680137
0.0
0.0
0.0
0.0
0.0
0.24107435309531608
0.2284201240461261
0.2769668927972808
0.2667724951715744
0.0
0.0
0.2512734815933482
0.2223104126429787
0.0
0.0
0.0
0.0
0.0
0.316402889118184
0.3349260523321957
0.0
0.0
0.0
0.34135708347780314
0.3464472488998245
0.0
0.36596026139640714
0.0
0.0
0.0
0.2799030636146965
0.0
0.0
0.29909675371061195
0.27984704156776957
0.0
0.0
0.0
0.0
0.0
0.0
0.29242856690617247
0.4334566235415509
0.0
0.0
0.0
0.0
0.0
0.0
0.34514908590628884
0.3414928236452403
0.0
0.0
0.0
0.0
0.0
0.0
0.33877171223363844
0.0
0.0
0.18080165092467654
0.17999841257242638
0.0
0.0
0.0
0.0
0.0
0.26151217579442876
0.33427050588028073
0.0
0.0
0.18530322201108396
0.17988366423639066
0.18145884594015396
0.1777781591417594
0.0
0.0
0.0
0.0
0.22177833662654928
0.24905015637036212
0.2629897333338538
0.1771297041715329
0.19463317194486335
0.0
0.18381475555704085
0.18877037453114917
0.0
0.0
0.16718642893736155
0.0
0.0
0.0
0.22265562477661
0.22610833096187138
0.2122916585247211
0.1577566084771872
0.16780907262672404
0.18117339760009812
0.1642825268319355
0.17494221523112705
0.1744406522563519
0.2679895229780141
0.20021752048103345
0.20965658517207036
0.20564541079547938
0.18999441514117282
0.22600796307250168
0.25698330729327784
0.2430620181536652
0.2260305472853581
0.1881207503240998
0.17221204625886583
0.15577955922427705
0.15005952853401064
0.16586794291340246
0.0
0.0
0.0
0.2414065283803341
0.155424901813647
0.15802082473695747
0.19278888800698468
0.0
0.24786905028194017
0.2399544181511004
0.17113406086093222
0.14677355345662355
0.0
0.0
0.0
0.18866305688217608
0.13805659179299945
0.18931661242955788
0.24512326158148645
0.0
0.3136406556623268
0.0
0.0
0.1470865034639937
0.15187613792949442
0.0
0.0
0.0
0.0
0.3016501565664454
0.0
0.19628224462258909
0.21337679433335424
0.0
0.3143936154687136
0.29482498611000874
0.0
0.0
0.0
0.0
0.0
0.0
0.0
0.0
0.0
0.0
0.0
0.20992880571916928
0.0
0.21974045559171362
0.22633024149882358
0.0
0.3275543410474754
0.33142986336096897
0.0
0.0
0.0
0.0
0.0
0.0
0.0
0.0
0.19705778510062377
0.0
0.0
0.2247233508783947
0.0
0.308151440590523
0.3022957982303962
0.0
0.0
0.0
0.0
0.0
0.0
0.0
0.0
0.0
0.0
0.0
0.20288406727806677
0.0
0.0
0.21469862919256133
0.0
0.0
0.28005444639648014
0.2818355547143546
0.2789427732359711
0.0
0.0
0.0
0.0
0.0
0.0
0.0
0.2163159541140053
0.23231843797126753
0.0
0.1996424896020102
0.0
0.0
0.0
0.0
0.0
0.0
0.0
0.0
0.0
0.0
0.0
0.0
0.0
0.0
0.0
0.0
0.20830615263133875
0.0
0.0
0.0
0.0
0.0
0.0
0.0
0.0
0.0
0.0
0.19152246601284026
0.17402338557985833
0.0
0.0
0.0
0.0
0.0
0.0
0.0
0.0
0.0
0.0
0.0
0.19240761083764496
0.18984121944674368
0.1679498372886737
0.0
0.0
0.0
0.0
0.0
0.0
0.0
0.0
0.0
0.0
0.0
0.0
0.0
0.0
0.0
0.0
0.0
0.0
0.0
0.0
0.0
0.0
0.0
0.0
0.0
0.0
0.0
0.0
0.0
0.0
0.0
0.0
0.0
0.0
0.0
0.0
0.0
0.0
0.0
0.0
0.0
0.37928985621157285
0.0
0.0
0.3928125427518575
0.38903634626189953
0.0
0.0
0.0
0.0
0.0
0.0
0.4110790734107182
0.4142762653120618
0.0
0.0
0.0
0.0
0.0
0.0
0.4053638770679805
0.400921434134917
0.0
0.0
0.0
0.0
0.0
0.0
0.4162808285281633
0.0
0.0
0.0
0.10095245654417016
0.0
0.0
0.0
0.0
0.0
0.4022953026842225
0.409169675763098
0.0
0.0
0.11047830704628862
0.10549483385702879
0.10924041590602428
0.11214223351059607
0.0
0.0
0.0
0.0
0.39943510460218135
0.3882505937589675
0.39809956338854835
0.14423038500592547
0.21932988768171766
0.0
0.09831150620419608
0.09666143048157493
0.0
0.0
0.12056562028732438
0.0
0.0
0.0
0.37339746830671855
0.3513390168543947
0.2692959650722738
0.12917328403900916
0.13982758987840693
0.16165374677002584
0.09700843736213838
0.09871712540178292
0.16488292721644576
0.2444688592661907
0.2584198411736938
0.16743913359566467
0.20440590523057386
0.3027378970075328
0.2900275768912821
0.29454541532080125
0.3226798606521498
0.2621573976213651
0.11577179846725048
0.14032230027438883
0.08919877645967018
0.0983593075373165
0.13929108620221672
0.0
0.0
0.0
0.2589691992361672
0.41723999441394155
0.4082555702355301
0.3592002251260923
0.0
0.35669259465036907
0.4101324340491599
0.11809366370073157
0.1616908371412697
0.0
0.0
0.0
0.23537835660716064
0.357316666956156
0.3553993156324812
0.37529334338704123
0.3364178928691217
0.4287102150964362
0.4120999332346638
0.0
0.148720797946927
0.20484813339575053
0.0
0.0
0.0
0.0
0.23160335992597167
0.0
0.0
0.3620751341681574
0.0
0.40139789834210027
0.3951098159717891
0.0
0.0
0.0
0.0
0.0
0.0
0.0
0.0
0.0
0.0
0.0
0.24303465757549414
0.0
0.0
0.36303003290859465
0.0
0.3945543297087071
0.39834343773018627
0.0
0.0
0.0
0.0
0.0
0.0
0.0
0.0
0.2639466159722316
0.0
0.0
0.37064939794474816
0.0
0.41856020319072945
0.4127462874982519
0.3794779631036477
0.3833889389141448
0.0
0.0
0.0
0.0
0.0
0.0
0.0
0.0
0.0
0.24869447534846054
0.2584198411736938
0.0
0.39589274002531527
0.30883297616212924
0.4016670591863263
0.396010265364976
0.37631435950350145
0.41914437653782044
0.3719932420940437
0.34989020292615813
0.0
0.0
0.0
0.0
0.0
0.0
0.27921505742317454
0.0
0.24705664470725186
0.2528087024450562
0.0
0.0
0.3638826210696994
0.3556974185015426
0.35816698804293523
0.0
0.3619363599567444
0.0
0.0
0.0
0.0
0.0
0.0
0.0
0.0
0.0
0.0
0.0
0.0
0.0
0.3641926468683814
0.38778958453922974
0.344042389050095
0.39550361139772994
0.0
0.0
0.0
0.0
0.0
0.0
0.0
0.34468255858048696
0.35555935452752657
0.3420214911598768
0.3477189957859335
0.35526219438818746
0.0
0.0
0.0
0.0
0.0
0.0
0.0
0.0
0.3503670926263989
0.3505280153784764
0.3497918961166405
0.36865820719701936
0.0
0.0
0.0
0.0
0.0
0.0
0.0
0.0
0.0
0.0
0.366386221128661
0.36109813555330306
0.0
0.0
0.0
0.0
0.0
0.0
0.0
0.0
0.0
0.0
0.0
0.0
0.0
0.0
0.0
0.0
0.0
0.0
0.0
0.0
0.0
0.0
0.0
0.47927297754703413
0.0
0.0
0.4931696247768952
0.4889863183061056
0.0
0.0
0.0
0.0
0.0
0.0
0.49082141684554365
0.519038018890388
0.0
0.0
0.0
0.0
0.0
0.0
0.48909409887484223
0.49164759107865696
0.0
0.0
0.0
0.0
0.0
0.0
0.487887136828349
0.0
0.0
0.1839172421091621
0.20178321030769636
0.0
0.0
0.0
0.0
0.0
0.49851893007381537
0.4958212077663342
0.0
0.0
0.17929898815836406
0.18294163287983659
0.18227264164205037
0.18422703100534674
0.0
0.0
0.0
0.0
0.4941407153932404
0.48915870516039284
0.4912210586274354
0.21240770500235537
0.2391657481612623
0.0
0.18516662320138785
0.1767971002989655
0.0
0.0
0.1828911940508099
0.0
0.0
0.0
0.44596791402045544
0.4425320889449866
0.4175785284307682
0.18899545076676927
0.19205483964847866
0.21515274934924158
0.18137493905411992
0.1831370907221671
0.37209302325581395
0.46315881665485215
0.44534090007143423
0.25267205370889456
0.3006943793037928
0.33031108289017647
0.38795652459668745
0.3783894437060568
0.36997645315765804
0.3259790539733392
0.194627559437989
0.19615820781601495
0.1824568087414345
0.18780314030525297
0.23725255825165803
0.0
0.0
0.0
0.44715814386423164
0.4498778135318061
0.5092172661385092
0.4660496566722077
0.39270010091503865
0.33740527598737585
0.4326814704463724
0.23901473285316943
0.25922692277164855
0.0
0.0
0.0
0.453464560679419
0.46687066234649377
0.47645138176872043
0.492047985939384
0.3825726909543085
0.42074614216694106
0.0
0.0
0.37913618875349336
0.3095014210144729
0.0
0.0
0.0
0.0
0.46024029223434126
0.0
0.4928962616080641
0.49544765615686315
0.0
0.41135539857660663
0.39723787602190647
0.0
0.0
0.3621874751964441
0.40419641147990265
0.43603672249120295
0.41538897644937806
0.0
0.0
0.0
0.0
0.0
0.4611074953038601
0.0
0.49270153715903375
0.5112968679868308
0.0
0.3906880536454312
0.3892810321563561
0.0
0.32074767838717355
0.0
0.0
0.0
0.0
0.0
0.0
0.47646638622112863
0.0
0.0
0.5090113884243687
0.0
0.3833637590284943
0.37848405706172195
0.0
0.0
0.32082168683486245
0.0
0.0
0.0
0.0
0.0
0.0
0.0
0.0
0.4698070157591313
0.0
0.0
0.5070137841627642
0.5039016702005827
0.49528163610868586
0.4431372104362024
0.43253664986909124
0.36510834193189934
0.0
0.0
0.3292790433103156
0.0
0.0
0.0
0.0
0.47182429444513735
0.47102150964362255
0.0
0.49641283142772397
0.0
0.0
0.0
0.4441803771274364
0.41970805257448723
0.41956164321431405
0.0
0.36978172870862763
0.33741226627963666
0.33404979231155907
0.0
0.0
0.0
0.0
0.0
0.0
0.5044142127682091
0.0
0.0
0.0
0.0
0.43297423797463486
0.3574691520084011
0.3768671860797964
0.37241050877053733
0.32429514997972814
0.32246368759425353
0.5033477678869245
0.48311135804428923
0.0
0.0
0.0
0.4440630208746726
0.4428033970950075
0.3448120628214286
0.3573193639706855
0.367232608648594
0.3188716429706511
0.0
0.0
0.4727747352082617
0.4891701091838619
0.0
0.0
0.0
0.44665486555780537
0.44351323563885653
0.37533137550599255
0.3830716723549488
0.0
0.0
0.0
0.0
0.0
0.0
0.0
0.0
0.0
0.0
0.4306423916234218
0.4166852644701026
0.0
0.0
0.0
0.0
0.0
0.0
0.0
0.0
0.0
0.0
0.0
0.0
0.0
0.0
0.0
0.0
0.0
0.0
0.0
0.0
0.0
0.0
0.0
0.33016636621839146
0.0
0.0
0.39016630392554125
0.3491505782197888
0.0
0.0
0.0
0.0
0.0
0.0
0.3718953946757187
0.0
0.0
0.0
0.0
0.0
0.0
0.0
0.366406504925435
0.3756107627589491
0.0
0.0
0.0
0.0
0.0
0.0
0.3858987907475848
0.0
0.0
0.14604333677275974
0.15115485355980632
0.0
0.0
0.0
0.0
0.0
0.3378544084695366
0.3760194643042488
0.0
0.0
0.14940233351853321
0.13302461646615946
0.1372266464416635
0.14181806587553075
0.0
0.0
0.0
0.0
0.31934809640976797
0.35003610241836114
0.345920635609994
0.31787772812117143
0.27908976490609955
0.0
0.1398136756885467
0.1544216124086707
0.0
0.0
0.13089443472107687
0.0
0.0
0.0
0.3075210376979787
0.30565468960579684
0.28278921332655754
0.2867687911739027
0.2339282809228921
0.25882124683616864
0.14130951827047028
0.13158218283741782
0.2686073986335912
0.2746014850058767
0.29942867038509546
0.2942097109411975
0.3170904689889631
0.3285975077387094
0.36017638662449136
0.2925603276107284
0.30537948078667926
0.24070937660905117
0.28165852292539717
0.33556659328295335
0.1364044765457576
0.13054224576442294
0.20223666127720233
0.0
0.0
0.0
0.33505992539090407
0.41938040617300876
0.0
0.32774664655925073
0.0
0.29613329100193136
0.28747170410350026
0.20599547877109586
0.21565732730110854
0.0
0.0
0.0
0.3272153118728243
0.38585072889382754
0.38293421980269204
0.3180952736678448
0.0
0.30271324791859
0.0
0.0
0.2673695276803939
0.20038362833029078
0.0
0.0
0.0
0.0
0.3320580998491944
0.0
0.2731010397650607
0.3232297745713597
0.0
0.27464572890400335
0.2542776763587939
0.0
0.0
0.0
0.252889685122402
0.2640856722450499
0.2508294309072148
0.0
0.0
0.0
0.0
0.0
0.3355810345698432
0.0
0.29147175423279204
0.3382721572419167
0.0
0.2542523216128264
0.2608242717676006
0.0
0.2759697481659542
0.2555758393523295
0.0
0.0
0.0
0.0
0.0
0.3349627927942769
0.0
0.0
0.34041218549091196
0.0
0.268354631319946
0.27222913924701436
0.0
0.0
0.27186948028332025
0.0
0.0
0.0
0.0
0.0
0.0
0.0
0.0
0.3386792090514096
0.350692451269814
0.0
0.3676913734786754
0.3534248749900786
0.3647240173614447
0.3463661137127285
0.3594112058241303
0.2881921845649126
0.0
0.0
0.25328446975813623
0.0
0.0
0.0
0.0
0.0
0.424818002570719
0.0
0.3111730268685801
0.0
0.0
0.0
0.37219006599805016
0.38862954694593466
0.36367741226857025
0.0
0.33023180222164267
0.25670159007328625
0.26479482498611
0.0
0.0
0.0
0.0
0.42206524327327566
0.0
0.32775941813563847
0.0
0.0
0.0
0.37131518374474165
0.41080089478313997
0.31976999938266704
0.33914144371198934
0.46879911104055877
0.26205776279265475
0.2657094586386027
0.37084681243741485
0.3701339508737855
0.0
0.0
0.0
0.42190749611508904
0.45151731618911556
0.3376521946186205
0.4206683070084927
0.49557372278223133
0.27765274723323385
0.0
0.0
0.3752798307988962
0.3392878799904754
0.0
0.0
0.0
0.42410305727475606
0.43501483699741816
0.4647748057605983
0.4798712337819354
0.0
0.0
0.0
0.0
0.0
0.0
0.0
0.0
0.0
0.0
0.4261570881143863
0.4157092043638964
0.0
0.0
0.0
0.0
0.0
0.0
0.0
0.0
0.0
0.0
0.0
0.0
0.0
0.0
0.0
0.0
0.0
0.0
0.0
0.0
0.0
0.0
0.3298145355451491
0.2931331475023532
0.0
0.0
0.266995949457347
0.2952948057164424
0.0
0.0
0.0
0.0
0.0
0.0
0.27313299673153174
0.25776648940392094
0.0
0.0
0.0
0.0
0.0
0.0
0.27065859085696453
0.2770168489408169
0.0
0.0
0.0
0.0
0.0
0.0
0.28419448187384294
0.0
0.0
0.2541154059846019
0.24279704738471306
0.0
0.0
0.0
0.0
0.0
0.28845190781746
0.2889137081930161
0.0
0.0
0.24640756321048407
0.23001825541709658
0.23828217105887226
0.2460792777611573
0.0
0.0
0.0
0.0
0.2837413400156475
0.2941066599277021
0.2934463873706452
0.26279502702234664
0.252063404670453
0.0
0.24509881736645767
0.24973410588141914
0.0
0.0
0.22308481185446905
0.0
0.0
0.0
0.2867754648490081
0.28076475638479303
0.27735397673642004
0.27970711219478184
0.27702308409222853
0.2691642193824907
0.2288538558401246
0.24097150567505357
0.2621035339505059
0.2625241566965842
0.26915557579779664
0.2691574922992329
0.2590504072882718
0.2538862422380702
0.26802481226013397
0.2746524092079893
0.28017057119998984
0.2517319787284705
0.22766533499131322
0.2362232625146528
0.22949667207147958
0.22267765612141316
0.2567480292922162
0.0
0.0
0.0
0.2543527264068577
0.22537309550377815
0.22181461586450296
0.2828179825681592
0.0
0.23636450223322197
0.22676125719224377
0.24926331832243903
0.27351295686877874
0.0
0.0
0.0
0.2637616297411893
0.21138420744738703
0.20397386035928775
0.2817982474325728
0.0
0.23948499314004512
0.0
0.0
0.24243193904278115
0.2898526351448237
0.0
0.0
0.0
0.0
0.2631283661968637
0.0
0.2833240733391539
0.2922521413655083
0.0
0.23822589094372568
0.25231794953201414
0.0
0.0
0.0
0.0
0.0
0.0
0.0
0.0
0.0
0.0
0.0
0.261143741566791
0.0
0.28735285504323005
0.3138845467861479
0.0
0.2566660220071121
0.2810347453573106
0.0
0.0
0.0
0.0
0.0
0.0
0.0
0.0
0.2649615577955923
0.0
0.0
0.29831654020875387
0.0
0.0
0.28615604413048656
0.2825938566552901
0.0
0.0
0.0
0.0
0.0
0.0
0.0
0.0
0.0
0.0
0.2723638686365887
0.29496458635839445
0.0
0.3014550831488683
0.3292959758711009
0.33996802467315995
0.3551634861421352
0.3428872865367825
0.3032833293647644
0.0
0.0
0.0
0.0
0.0
0.0
0.0
0.28056547697789064
0.34957197288928965
0.0
0.30868406923051783
0.0
0.0
0.0
0.3623091779770881
0.359366183463334
0.3432447953385656
0.0
0.0
0.0
0.0
0.0
0.0
0.0
0.0
0.3214642975337388
0.0
0.3404679813922514
0.0
0.0
0.0
0.0
0.36212905786173505
0.3285975077387094
0.3171387228534621
0.31983490753234384
0.0
0.0
0.4187214094968939
0.34308500674656717
0.0
0.0
0.0
0.0
0.0
0.47719660290499244
0.47067681108477993
0.38103177671550986
0.0
0.0
0.0
0.39100158998794066
0.40074521599952
0.0
0.0
0.0
0.0
0.0
0.0
0.0
0.0
0.0
0.0
0.0
0.0
0.0
0.0
0.0
0.0
0.0
0.0
0.0
0.0
0.0
0.0
0.0
0.0
0.0
0.0
0.0
0.0
0.0
0.0
0.0
0.0
0.0
0.0
0.0
0.0
0.0
0.0
0.0
0.0
0.0
0.0
0.4004643156069505
0.0
0.0
0.3926069291891976
0.3643915978805791
0.0
0.0
0.0
0.0
0.0
0.0
0.3985830120184977
0.0
0.0
0.0
0.0
0.0
0.0
0.0
0.3771354402543619
0.41167549356131405
0.0
0.0
0.0
0.0
0.0
0.0
0.3996868340160892
0.0
0.0
0.0
0.0
0.0
0.0
0.0
0.0
0.0
0.3891840155381146
0.4003884738489143
0.0
0.0
0.0
0.0
0.0
0.0
0.0
0.0
0.0
0.0
0.3489001394668511
0.3737002421342448
0.3802202020986693
0.0
0.0
0.0
0.0
0.0
0.0
0.0
0.0
0.0
0.0
0.0
0.3545363552522429
0.372229327187323
0.3954672621159005
0.0
0.0
0.0
0.0
0.0
0.3808360858920427
0.3966577038621243
0.37050728443493486
0.39347486157805356
0.39803158980871495
0.39718508927367535
0.38767016511281926
0.40326121778724927
0.3543542416786325
0.2827623681977202
0.0
0.0
0.0
0.0
0.3734382211404197
0.0
0.0
0.0
0.46207432483567357
0.0
0.0
0.42374203713992586
0.0
0.317249545759745
0.3573065531516703
0.36460382858668433
0.3746822940092247
0.0
0.0
0.0
0.4760765247712691
0.0
0.0
0.41294365385920045
0.0
0.3508817065393805
0.0
0.0
0.3826092017885017
0.38355307446505155
0.0
0.0
0.0
0.0
0.47791695179583105
0.0
0.36729899198349075
0.3975560710014672
0.0
0.3506725197970535
0.3616195288867723
0.0
0.0
0.0
0.385038962009123
0.3922563978223973
0.3681103438544505
0.0
0.0
0.0
0.0
0.0
0.479057764940694
0.0
0.35613710838728696
0.4152267060751861
0.0
0.3515915650178248
0.3578485064952245
0.0
0.38255008900933174
0.47171997777601393
0.0
0.0
0.0
0.0
0.0
0.47569560194371685
0.0
0.0
0.41860789081090016
0.0
0.37270259544408285
0.36679168355049063
0.3652057041564145
0.0
0.4539909959631347
0.0
0.0
0.0
0.0
0.0
0.0
0.0
0.0
0.46926644971823156
0.0
0.0
0.427094136154197
0.4614969442019208
0.4738497764372833
0.40455807290212137
0.3720365813865298
0.3668608619731724
0.0
0.0
0.46987521983783176
0.0
0.0
0.0
0.0
0.4556552107310104
0.44676793938349735
0.0
0.4043927184418702
0.0
0.0
0.0
0.36727381209784027
0.3954246162442386
0.38337656984750945
0.0
0.4004195344301702
0.46705180683274183
0.47402472418445907
0.0
0.0
0.0
0.0
0.0
0.0
0.43771941709873285
0.0
0.0
0.0
0.0
0.4025254271880988
0.3692877935208434
0.38236363208186364
0.3575140884197158
0.46593233442983417
0.4699018872570061
0.44687446849523205
0.42279545995713946
0.0
0.0
0.0
0.45410986844655443
0.45331851734264617
0.35322928123547215
0.333230606698397
0.3505808731687143
0.45222443599490086
0.0
0.0
0.4313326454480514
0.45378676271952745
0.0
0.0
0.0
0.0
0.4491996719316348
0.3638642690630944
0.3662766886260814
0.0
0.0
0.0
0.0
0.0
0.0
0.0
0.0
0.0
0.0
0.49573599315642336
0.48528983781781626
0.0
0.0
0.0
0.0
0.0
0.0
0.0
0.0
0.0
0.0
0.0
0.0
0.0
0.0
0.0
0.0
0.0
0.0
0.0
0.0
0.0
0.0
0.0
0.43637425206554775
0.0
0.0
0.44378918961822367
0.44602508813954167
0.0
0.0
0.0
0.0
0.0
0.0
0.44209752096727245
0.0
0.0
0.0
0.0
0.0
0.0
0.0
0.4256597207481091
0.4472969680133344
0.0
0.0
0.0
0.0
0.0
0.0
0.44775678334078733
0.0
0.0
0.0
0.0
0.0
0.0
0.0
0.0
0.0
0.4327985119360937
0.4294962718796543
0.0
0.0
0.0
0.0
0.0
0.0
0.0
0.0
0.0
0.0
0.41553721592655346
0.42631593551430397
0.4305209676074352
0.0
0.0
0.0
0.0
0.0
0.0
0.0
0.0
0.0
0.0
0.0
0.42418261898634785
0.4283669909242348
0.4245842457934501
0.0
0.0
0.0
0.0
0.0
0.4712331666534381
0.4399149844343907
0.44385004100854564
0.44128454639257086
0.4042656584096381
0.40520766954293425
0.4166024982961392
0.4109594247462854
0.41589467050102263
0.3777612344712634
0.3782522422414477
0.0
0.0
0.0
0.48548175374113933
0.0
0.0
0.0
0.3754043971743789
0.0
0.0
0.42107828373709444
0.0
0.3903333519319072
0.3685945377129265
0.4808476863243114
0.0
0.0
0.0
0.0
0.3712226896314522
0.0
0.0
0.42315083207661985
0.0
0.36492720290954556
0.0
0.0
0.4628160453082553
0.460523321956769
0.0
0.0
0.0
0.0
0.37320331545587515
0.0
0.40307960949281685
0.4110155493023555
0.0
0.3654114507440692
0.33024049527740296
0.0
0.0
0.0
0.4802878535333492
0.4678767320714676
0.4780485223695002
0.0
0.0
0.0
0.0
0.0
0.3678205753291077
0.0
0.4058434403822798
0.4196227943651795
0.0
0.34811863375400165
0.34169715249166
0.0
0.4624705664470725
0.0
0.0
0.0
0.0
0.0
0.0
0.3546313199460275
0.0
0.0
0.42308932764698703
0.0
0.3420334947218033
0.3274704341614414
0.0
0.0
0.48682030769138607
0.0
0.0
0.0
0.0
0.0
0.0
0.0
0.0
0.34594203598223716
0.3515032521378054
0.0
0.407705641618112
0.4276293737073453
0.4518154196293445
0.42720676896513854
0.409763667603205
0.3115591184485541
0.0
0.0
0.48740541147875055
0.0
0.0
0.0
0.0
0.33806819685063993
0.3581277384035867
0.0
0.390842394899066
0.0
0.0
0.0
0.3929149932534328
0.3819961156261196
0.3324477411627185
0.0
0.0
0.47777034458517115
0.46517977617271217
0.0
0.0
0.0
0.0
0.34441886922242504
0.0
0.4001605108364994
0.0
0.0
0.0
0.41001666798952296
0.3716696059888609
0.0
0.0
0.0
0.48108002799644994
0.46702572766546097
0.42175163442378466
0.41353996348916583
0.0
0.0
0.0
0.39615191274846806
0.0
0.0
0.0
0.0
0.4583791651022776
0.0
0.0
0.36150500792890955
0.3755071388215833
0.0
0.0
0.0
0.3776807683149456
0.38648908643543134
0.0
0.0
0.0
0.0
0.0
0.0
0.0
0.0
0.0
0.0
0.0
0.0
0.38581994241967255
0.4068955805504277
0.0
0.0
0.0
0.0
0.0
0.0
0.0
0.0
0.0
0.0
0.0
0.0
0.0
0.0
0.0
0.0
0.0
0.0
0.0
0.0
0.0
0.0
0.0
0.4149312428202883
0.0
0.0
0.4261127300352635
0.4098105367116057
0.0
0.0
0.0
0.0
0.0
0.0
0.41306151232395194
0.0
0.0
0.0
0.0
0.0
0.0
0.0
0.40918097556243443
0.40607411152412387
0.0
0.0
0.0
0.0
0.0
0.0
0.4130688096344368
0.0
0.0
0.0
0.0
0.0
0.0
0.0
0.0
0.0
0.4440188545429873
0.4316456861655687
0.0
0.0
0.0
0.0
0.0
0.0
0.0
0.0
0.0
0.0
0.4496807105903066
0.45181533958366804
0.4498854197905299
0.0
0.0
0.0
0.0
0.0
0.0
0.0
0.0
0.0
0.0
0.0
0.42310840996450966
0.4300739539357021
0.4469994715027712
0.0
0.0
0.0
0.0
0.0
0.4087387887927613
0.4012053866708998
0.40912049296841735
0.40442605781720964
0.3743329159586685
0.37594509847764457
0.40862764699721454
0.4265204893697611
0.4152516199811373
0.4700161388469984
0.0
0.0
0.0
0.0
0.42450814999747455
0.0
0.0
0.0
0.37648107836994826
0.4261586934550036
0.38128128922636423
0.4372363122872817
0.0
0.35271552164003944
0.35999682514485276
0.3921941935716123
0.439103632563431
0.0
0.0
0.0
0.3855187887540436
0.4062430216992375
0.433838930037041
0.43820355732240934
0.35921792734873137
0.36555770604504634
0.37839828557822053
0.0
0.3928565759187237
0.37921612826414797
0.0
0.0
0.0
0.0
0.3880769758061607
0.0
0.0
0.4764775858635192
0.0
0.3393986295208614
0.35561552504166993
0.0
0.0
0.0
0.0
0.0
0.0
0.0
0.0
0.0
0.0
0.0
0.3813268388050848
0.0
0.46864122635215577
0.4933248670529407
0.0
0.34704764928433474
0.3420456649998677
0.0
0.0
0.0
0.0
0.0
0.0
0.0
0.0
0.34470791332645445
0.0
0.0
0.5590835582189062
0.0
0.0
0.33658518411730115
0.34754917795247686
0.34681449237825895
0.0
0.0
0.0
0.0
0.0
0.0
0.0
0.0
0.0
0.3421449488472351
0.0
0.0
0.4791153637657835
0.4508357806175093
0.455743721844206
0.4560029329614217
0.431740614334471
0.0
0.3543099861220347
0.3702198587189459
0.0
0.0
0.0
0.0
0.0
0.0
0.0
0.0
0.0
0.0
0.0
0.0
0.42850442675825645
0.4346862723770944
0.42587722189412397
0.0
0.33047029876320716
0.0
0.0
0.0
0.0
0.0
0.0
0.0
0.0
0.0
0.0
0.0
0.0
0.0
0.44259937675519434
0.3334909078539525
0.33758531495972455
0.31983490753234384
0.0
0.0
0.0
0.0
0.0
0.0
0.0
0.4374302193295764
0.5182712913723311
0.3220871421235382
0.31977141042939916
0.33036540076280074
0.0
0.0
0.0
0.0
0.0
0.0
0.0
0.0
0.44359557155810825
0.40675204427716116
0.32263736075149674
0.3380903246289388
0.0
0.0
0.0
0.0
0.0
0.0
0.0
0.0
0.0
0.0
0.45142498994173047
0.5315633827147813
0.0
0.0
0.0
0.0
0.0
0.0
0.0
0.0
0.0
0.0
0.0
0.0
0.0
0.0
0.0
0.0
0.0
0.0
0.0
0.0
0.0
0.0
0.0
0.2661291765479088
0.0
0.0
0.25304243453076125
0.26240479314444126
0.0
0.0
0.0
0.0
0.0
0.0
0.24106467526789105
0.25302008095880624
0.0
0.0
0.0
0.0
0.0
0.0
0.2583248903974638
0.25169988788135716
0.0
0.0
0.0
0.0
0.0
0.0
0.27351213861793006
0.0
0.0
0.0
0.0
0.0
0.0
0.0
0.0
0.0
0.2638107199384238
0.2729393308800528
0.0
0.0
0.0
0.0
0.0
0.0
0.0
0.0
0.0
0.0
0.24405046055856175
0.24289927772045397
0.24583082572929846
0.0
0.0
0.0
0.0
0.0
0.0
0.0
0.0
0.0
0.0
0.0
0.2586355501051391
0.25880979245681396
0.2511671132704101
0.0
0.0
0.0
0.0
0.0
0.2558448665516478
0.3015987066642716
0.2819145853214633
0.26501522575349573
0.2594966424476703
0.2713499376202611
0.26018541811751117
0.2604695722161185
0.264502185118107
0.22849555551043488
0.23001825541709658
0.0
0.0
0.0
0.2367276581241275
0.0
0.0
0.0
0.2508294309072148
0.28308754242743456
0.27719259122410317
0.26411543925404213
0.24789678648331026
0.2261109556174745
0.2234463052623224
0.22054166556428642
0.2263671719977776
0.0
0.0
0.0
0.24768949916660052
0.2667709594897998
0.2534344677272566
0.2588176804543183
0.24900388919755534
0.20842470490855283
0.0
0.0
0.20783255440441117
0.2183347884752758
0.0
0.0
0.0
0.0
0.23878085562346216
0.0
0.25265497261687436
0.2549110542709625
0.0
0.21297527356918114
0.19613620128581635
0.0
0.0
0.18766568775299627
0.19694214414430303
0.18927500025044366
0.2074479215522155
0.0
0.0
0.0
0.0
0.0
0.2408719306727085
0.0
0.29289802541647925
0.26542253048166214
0.0
0.18971500554319468
0.1839334691465813
0.0
0.2086624101054078
0.2234463052623224
0.0
0.0
0.0
0.0
0.0
0.2226713814345486
0.0
0.0
0.24938638365100782
0.0
0.17057861735058336
0.17957603233372083
0.0
0.0
0.20981559383019813
0.0
0.0
0.0
0.0
0.0
0.0
0.0
0.0
0.23369854750377014
0.0
0.0
0.2568292239388097
0.24897870931190486
0.255742746022927
0.21488816572743866
0.20751899076957553
0.18547503770140486
0.0
0.0
0.21925506155630964
0.0
0.0
0.0
0.0
0.2346429610815673
0.23848876894991666
0.0
0.2596018989066056
0.0
0.0
0.0
0.21453766171918406
0.20492801015953646
0.2542535550869545
0.0
0.2101235763771339
0.22409538675909024
0.22147343913398862
0.0
0.0
0.0
0.0
0.0
0.0
0.2924761224435802
0.0
0.0
0.0
0.0
0.22333176146877512
0.17799959910727378
0.18887299489005543
0.19375082678519456
0.23794245869013705
0.2443379283532053
0.24832819535942002
0.2561813848950458
0.0
0.0
0.0
0.27542783191025383
0.26813556631478686
0.18450141545625312
0.2062364256903506
0.20498225482748064
0.20595162837656947
0.23712784837792847
0.0
0.3048321222855622
0.2928241923962219
0.0
0.0
0.0
0.2580098949652089
0.2566407386829642
0.16826560666547966
0.1979139012127399
0.0
0.0
0.0
0.0
0.0
0.0
0.0
0.0
0.0
0.0
0.2549825382966902
0.2640387237556167
0.0
0.0
0.0
0.0
0.0
0.0
0.0
0.0
0.0
0.0
0.0
0.0
0.0
0.0
0.0
0.0
0.0
0.0
0.0
0.0
0.0
0.0
0.0
0.2654051795897488
0.0
0.0
0.2686521270059646
0.34843910091000435
0.0
0.0
0.0
0.0
0.0
0.0
0.28186941243533037
0.23312167632351774
0.0
0.0
0.0
0.0
0.0
0.0
0.25764181826277344
0.26408664070219035
0.0
0.0
0.0
0.0
0.0
0.0
0.25306455591263927
0.0
0.0
0.0
0.0
0.0
0.0
0.0
0.0
0.0
0.24426400054426087
0.24608302246210015
0.0
0.0
0.0
0.0
0.0
0.0
0.0
0.0
0.0
0.0
0.28582971882300023
0.25751867831211195
0.24461821653937935
0.0
0.0
0.0
0.0
0.0
0.0
0.0
0.0
0.0
0.0
0.0
0.2774279137800052
0.27021467145561484
0.25239237103340284
0.0
0.0
0.0
0.0
0.0
0.2582046194142392
0.2891473203117386
0.28811024605913244
0.2807277473520826
0.27253571071948873
0.28406231438218105
0.2739147097842232
0.26074592967016735
0.264394371049374
0.2068394076489957
0.20080958806254465
0.0
0.0
0.0
0.24459450383730086
0.0
0.0
0.0
0.0
0.2936523633721824
0.0
0.2434534856989637
0.0
0.21542551248083433
0.21888245098817366
0.2361970119728672
0.2244199275074741
0.0
0.0
0.0
0.0
0.26936028061263567
0.2686244940074609
0.2503524345250135
0.0
0.225562061295056
0.0
0.0
0.24476457567179052
0.2578651673341728
0.0
0.0
0.0
0.0
0.0
0.0
0.23452125830092335
0.25985138393578033
0.0
0.20334796034454736
0.19642828795936185
0.0
0.0
0.25995713945551235
0.26321980974511655
0.2707793251804681
0.2666507923909305
0.0
0.0
0.0
0.0
0.0
0.0
0.0
0.2436310317025996
0.2644430329298586
0.0
0.19354725122484467
0.19884520233553077
0.0
0.25867372831417595
0.2614175728232399
0.0
0.0
0.0
0.0
0.0
0.0
0.0
0.0
0.26664805749698345
0.0
0.18437971267560918
0.2005256149077087
0.21718730511491843
0.0
0.25219977260615406
0.0
0.0
0.0
0.0
0.0
0.0
0.0
0.0
0.0
0.0
0.0
0.2956497958729008
0.27573876125575236
0.26206481033848283
0.23931447550782417
0.2367909286413689
0.2100589993914861
0.0
0.0
0.2503846625634069
0.0
0.0
0.0
0.0
0.0
0.0
0.0
0.23496399328132006
0.0
0.0
0.0
0.24131513705569538
0.24460331651327352
0.2320403939262579
0.0
0.20423598942529014
0.26216210748129715
0.25119453924914675
0.0
0.0
0.0
0.0
0.0
0.0
0.2519015744509831
0.0
0.0
0.0
0.0
0.2524563536788634
0.18148318649628276
0.1731039299659786
0.17768605974019103
0.26330606424702563
0.2648695062378688
0.19145010603042448
0.22626849406752572
0.0
0.0
0.0
0.27555030822552057
0.26953109153283766
0.1782835097542614
0.17627971649719407
0.20332883562187473
0.25022686488425205
0.0
0.0
0.22785734269652225
0.25958457992292877
0.0
0.0
0.0
0.2682497151297357
0.2862316027835796
0.20590188862106848
0.25318814670350503
0.0
0.0
0.0
0.0
0.0
0.0
0.0
0.0
0.0
0.0
0.2709344627909593
0.24916984753479715
0.0
0.0
0.0
0.0
0.0
0.0
0.0
0.0
0.0
0.0
0.0
0.0
0.0
0.0
0.0
0.0
0.0
0.0
0.0
0.0
0.0
0.0
0.0
0.15167284948119858
0.0
0.0
0.1291038716679407
0.12495921621148849
0.0
0.0
0.0
0.0
0.0
0.0
0.12520750766469751
0.0
0.0
0.0
0.0
0.0
0.0
0.0
0.1388535109624085
0.12808240050277214
0.0
0.0
0.0
0.0
0.0
0.0
0.14503995834652145
0.0
0.0
0.0
0.0
0.0
0.0
0.0
0.0
0.0
0.157358908286069
0.1483202328893744
0.0
0.0
0.0
0.0
0.0
0.0
0.0
0.0
0.0
0.0
0.2193807745359456
0.1619486312086436
0.15443347746252364
0.0
0.0
0.0
0.0
0.0
0.0
0.0
0.0
0.0
0.0
0.0
0.15979649762835396
0.15535310743226316
0.1482742746413919
0.0
0.0
0.0
0.0
0.0
0.13717641989727075
0.1375154490719218
0.13688433322372523
0.1459201676935538
0.13916881064400885
0.13288627940584444
0.16391749029105412
0.14678199526799768
0.1702707170673236
0.0
0.0
0.0
0.0
0.0
0.14285260734978966
0.0
0.0
0.0
0.14782831088887124
0.0
0.0
0.15269531067371078
0.0
0.0
0.0
0.1282222064407785
0.12695521644017974
0.0
0.0
0.0
0.12850064614005577
0.0
0.0
0.14647579519718393
0.0
0.0
0.0
0.0
0.14914675767918087
0.14804467138779384
0.0
0.0
0.0
0.0
0.15027484883822687
0.0
0.07010080165092468
0.14991609311396595
0.0
0.0
0.0
0.0
0.0
0.0
0.0
0.0
0.0
0.0
0.0
0.0
0.0
0.0
0.1337513559277191
0.0
0.0807731993381648
0.15081236254879057
0.0
0.0
0.0
0.0
0.0
0.0
0.0
0.0
0.0
0.0
0.0
0.1564077026082459
0.0
0.0
0.17489646791419447
0.0
0.0
0.0
0.0
0.0
0.0
0.0
0.0
0.0
0.0
0.0
0.0
0.0
0.0
0.17218386680015288
0.17239463449480116
0.0
0.16708729946075404
0.2045975871100881
0.2030697825602183
0.1814780621686767
0.18131418037070926
0.0
0.0
0.0
0.0
0.0
0.0
0.0
0.0
0.19861893801095323
0.1994974150082391
0.0
0.15452895823697008
0.0
0.0
0.0
0.18657036272720057
0.2166729160223444
0.2107892160753499
0.0
0.0
0.0
0.0
0.0
0.0
0.0
0.0
0.2067669391750668
0.0
0.16702100166679895
0.0
0.0
0.0
0.0
0.10173017540128382
0.1706852521679095
0.15981921379622074
0.18401460433367728
0.0
0.0
0.2590050337240656
0.20728629256290182
0.0
0.0
0.0
0.14969442019207874
0.14691959679339628
0.17194367547796957
0.16733100959048403
0.17181801215454678
0.0
0.0
0.0
0.18236662897610487
0.1940968732458208
0.0
0.0
0.0
0.13070878641161995
0.13519440318392614
0.0
0.0
0.0
0.0
0.0
0.0
0.0
0.0
0.0
0.0
0.0
0.0
0.0
0.14291783446362297
0.0
0.0
0.0
0.0
0.0
0.0
0.0
0.0
0.0
0.0
0.0
0.0
0.0
0.0
0.0
0.0
0.0
0.0
0.0
0.0
0.0
0.0
0.0
0.07043188737963064
0.0
0.0
0.14840089349494856
0.08935012478944537
0.0
0.0
0.0
0.0
0.0
0.0
0.08736790823573846
0.06425906818001428
0.0
0.0
0.0
0.0
0.0
0.0
0.06659576156837844
0.06895331829056728
0.0
0.0
0.0
0.0
0.0
0.0
0.07261154668722349
0.0
0.0
0.0
0.0
0.0
0.0
0.0
0.0
0.0
0.07978191340932018
0.07752323947278729
0.0
0.0
0.0
0.0
0.0
0.0
0.0
0.0
0.0
0.0
0.07470434161441383
0.07985235673622391
0.08948687683866359
0.0
0.0
0.0
0.0
0.0
0.0
0.0
0.0
0.0
0.0
0.0
0.07052885970698276
0.06673428796869967
0.07447511403464466
0.0
0.0
0.0
0.0
0.0
0.07513118325087528
0.07419001508056194
0.07249226129057862
0.08744532989445243
0.08875175278461253
0.07981585840146042
0.0973961164287702
0.10431523027279122
0.07646557404888168
0.0788446783525758
0.08090800857210889
0.0
0.0
0.0
0.07600066182303815
0.0
0.0
0.0
0.061431420595690636
0.0
0.0
0.08382279016853189
0.0
0.08102560190821163
0.0944362334521119
0.08132353663745044
0.08085490190419153
0.0
0.0
0.0
0.07114984533760224
0.0
0.0
0.12792433378194154
0.0
0.06997993819980239
0.0
0.0
0.08385073213347566
0.08190110326216365
0.0
0.0
0.0
0.0
0.06753245331457614
0.0
0.0
0.2007000555599651
0.0
0.06256392230675904
0.06188586395745694
0.0
0.0
0.09930946900547662
0.08130061858135515
0.07563235458355663
0.08178426859274546
0.0
0.0
0.0
0.0
0.0
0.06708737223723323
0.0
0.0
0.20109967414243574
0.0
0.06252308134667771
0.06466349588184654
0.0
0.09316183395078545
0.07156123501865227
0.0
0.0
0.0
0.0
0.0
0.06875185174638239
0.0
0.0
0.0980129618320858
0.0
0.06279863481228669
0.07008956754809599
0.08599705715349815
0.09522025557583935
0.07510631924192653
0.0
0.0
0.0
0.0
0.0
0.0
0.0
0.0
0.07427095476118299
0.09221108356698667
0.0
0.16572016802496745
0.0
0.0
0.06399749802460038
0.07156123501865227
0.06973569330899278
0.1040558774505913
0.11769145699394132
0.07781911348144202
0.0
0.0
0.0
0.0
0.07183941280298134
0.08222743458019383
0.0
0.12596737945064135
0.0
0.0
0.0
0.08616556869592824
0.10177760139693626
0.10559744600541489
0.10735275128445398
0.0987051517498652
0.08094293197872847
0.07932746479656819
0.0
0.0
0.0
0.0
0.0
0.0
0.14851554372753373
0.0
0.0
0.0
0.0
0.10211659482444212
0.09035027199960924
0.08270664756183656
0.072534857263804
0.08771843455528416
0.08149578792751531
0.12788222810397007
0.106873764910117
0.0
0.0
0.0
0.1470364314628145
0.0
0.07282694393734952
0.07612508929280101
0.09681604618252707
0.07731247155010945
0.0
0.0
0.12592148583220888
0.13697000606262233
0.0
0.0
0.0
0.12135730178278357
0.14176321127035327
0.10549260248442723
0.14555652565018387
0.0
0.0
0.0
0.0
0.0
0.0
0.0
0.0
0.0
0.0
0.13312411851978484
0.11977456460145096
0.0
0.0
0.0
0.0
0.0
0.0
0.0
0.0
0.0
0.0
0.0
0.0
0.0
0.0
0.0
0.0
0.0
0.0
0.0
0.0
0.0
0.0
0.0
0.11286003313261352
0.0
0.0
0.10936009030699084
0.1110959388044671
0.0
0.0
0.0
0.0
0.0
0.0
0.1036766358825201
0.0
0.0
0.0
0.0
0.0
0.0
0.0
0.10146168660002255
0.09743030998686208
0.0
0.0
0.0
0.0
0.0
0.0
0.11237050784735252
0.0
0.0
0.0
0.0
0.0
0.0
0.0
0.0
0.0
0.11100466633579321
0.10438186704160195
0.0
0.0
0.0
0.0
0.0
0.0
0.0
0.0
0.0
0.0
0.12593223140616228
0.12493218964020916
0.11724962650055105
0.0
0.0
0.0
0.0
0.0
0.0
0.0
0.0
0.0
0.0
0.0
0.11154979183571152
0.09587594276925569
0.11273786932172518
0.0
0.0
0.0
0.0
0.0
0.1340073514318323
0.15757949319050385
0.14638343769401135
0.20359939026499863
0.18232873494274338
0.11709305378326729
0.10151908572418136
0.10264624176521946
0.10195458958059164
0.12329786389666182
0.12486705294070957
0.0
0.0
0.0
0.3409723500514225
0.0
0.0
0.0
0.0943834040746494
0.0
0.0
0.09876990002725214
0.0
0.10082399249793488
0.0939342628603681
0.21203666957695055
0.35196444162235097
0.0
0.0
0.0
0.08697692056688802
0.0
0.0
0.10657721485564965
0.0
0.09565838558615762
0.0
0.0
0.12749583300261924
0.12840473149624668
0.0
0.0
0.0
0.0
0.10883149456306054
0.0
0.0946847633410059
0.11387995157820262
0.0
0.09036043049684794
0.09697277561711247
0.0
0.0
0.0
0.0
0.0
0.0
0.0
0.0
0.0
0.0
0.0
0.11422536180120116
0.0
0.09831371898202598
0.12833789300135331
0.0
0.10003968568934042
0.08709169717302379
0.0
0.0
0.0
0.0
0.0
0.0
0.0
0.0
0.10696322165486385
0.0
0.0
0.11137543040074986
0.0
0.0
0.10625869778024712
0.09243684139264087
0.0
0.0
0.0
0.0
0.0
0.0
0.0
0.0
0.0
0.0
0.11891656379347904
0.0
0.0
0.12435345556019294
0.07448210175410747
0.07821909301858691
0.0863278390701202
0.11115678944709122
0.1109929359472974
0.0
0.0
0.0
0.0
0.0
0.0
0.0
0.11945127920205308
0.12750737321179204
0.0
0.12470268682367751
0.0
0.0
0.0
0.08796302514851606
0.11198603063735217
0.17926200761158068
0.0
0.10894476719987455
0.0
0.0
0.0
0.0
0.0
0.0
0.12742281133423286
0.0
0.14744810934062838
0.0
0.0
0.0
0.0
0.12775617112469242
0.08664179696801333
0.08747345295612055
0.08616556869592824
0.0
0.0
0.15093151179749656
0.13863927923404773
0.0
0.0
0.0
0.0
0.0
0.07267986483223086
0.08192335748490999
0.09383284387649814
0.0
0.0
0.0
0.15564757386317515
0.11853564475238465
0.0
0.0
0.0
0.0
0.0
0.0
0.0
0.0
0.0
0.0
0.0
0.0
0.0
0.0
0.0
0.0
0.0
0.0
0.0
0.0
0.0
0.0
0.0
0.0
0.0
0.0
0.0
0.0
0.0
0.0
0.0
0.0
0.0
0.0
0.0
0.0
0.0
0.0
0.0
0.0
0.0
0.0
0.18633937581699875
0.0
0.0
0.17644433861593953
0.20025639360507208
0.0
0.0
0.0
0.0
0.0
0.0
0.19376525081845608
0.1737915707595841
0.0
0.0
0.0
0.0
0.0
0.0
0.21534546392570839
0.17799345644412712
0.0
0.0
0.0
0.0
0.0
0.0
0.16872818501573003
0.20373045479799984
0.0
0.0
0.0
0.0
0.0
0.0
0.0
0.0
0.18281848252636662
0.17756649209604958
0.0
0.0
0.0
0.0
0.0
0.0
0.0
0.0
0.0
0.0
0.1687068509150646
0.1785984276056809
0.18818163235974172
0.0
0.0
0.0
0.0
0.0
0.0
0.0
0.0
0.0
0.0
0.0
0.17956600315364069
0.16707297253372339
0.18318186439047443
0.0
0.0
0.0
0.0
0.0
0.15098634201737623
0.15596569288879136
0.17488689578537978
0.17494633202708965
0.14845752254390127
0.1543380311428631
0.19126552789625464
0.1919704585967348
0.18095915841416527
0.20404992459719024
0.19131677117231524
0.0
0.0
0.0
0.17434329003183674
0.0
0.0
0.0
0.13423557762943022
0.17702310622336304
0.1591508312648959
0.144311895151227
0.0
0.14047890077673433
0.1526714574416773
0.1505246665586636
0.15590126200492102
0.0
0.0
0.0
0.1467632687145973
0.194365746097922
0.2544582307188103
0.22542721222386783
0.13225412869607592
0.15336447027851108
0.16901197064702106
0.0
0.0
0.14458290340503213
0.0
0.0
0.0
0.0
0.17604571791412016
0.0
0.0
0.22184339059042626
0.0
0.12745600300168122
0.11431210269213284
0.0
0.0
0.0
0.0
0.0
0.0
0.0
0.0
0.0
0.0
0.0
0.16938419148912046
0.0
0.0
0.1766489403920946
0.0
0.12326570056381528
0.12524758839568087
0.0
0.0
0.0
0.0
0.0
0.0
0.0
0.0
0.15571465107460028
0.0
0.0
0.1654462372297121
0.0
0.1366965632193031
0.13825435881154588
0.09405190888165728
0.0917152154932931
0.0
0.0
0.0
0.0
0.0
0.0
0.0
0.0
0.0
0.12810674667897853
0.13087532705881696
0.0
0.17447883352086765
0.17153137626191042
0.21018070217213003
0.20247865476851903
0.25117006271225745
0.14786887848241922
0.10415545245293636
0.11827116125531689
0.0
0.0
0.0
0.0
0.0
0.0
0.12817651451962445
0.0
0.0
0.0
0.0
0.0
0.36510834193189934
0.34849097847748534
0.171755815156085
0.0
0.13802682752599413
0.0
0.0
0.0
0.0
0.0
0.0
0.0
0.0
0.0
0.0
0.0
0.0
0.0
0.15020712552330226
0.14841100905074237
0.13161606448608437
0.13014084010194812
0.0
0.0
0.0
0.0
0.0
0.0
0.0
0.15575281136039926
0.1623167371560101
0.1315900824093866
0.12290108494569167
0.13715697102675622
0.0
0.0
0.0
0.0
0.0
0.0
0.0
0.0
0.19934915469481704
0.15176007819868442
0.14829384065089735
0.17706350320843534
0.0
0.0
0.0
0.0
0.0
0.0
0.0
0.0
0.0
0.0
0.18800354920373918
0.18483507251779388
0.0
0.0
0.0
0.0
0.0
0.0
0.0
0.0
0.0
0.0
0.0
0.0
0.0
0.0
0.0
0.0
0.0
0.0
0.0
0.0
0.0
0.0
0.0
0.1503166766102421
0.0
0.0
0.1604426239313576
0.1498601157984436
0.0
0.0
0.0
0.0
0.0
0.0
0.16080374729849517
0.15279784109849986
0.0
0.0
0.0
0.0
0.0
0.0
0.13186496282773766
0.1354284303448088
0.0
0.0
0.0
0.0
0.0
0.0
0.13699064074651446
0.0
0.0
0.0
0.0
0.0
0.0
0.0
0.0
0.0
0.13035244066989443
0.14175274681664077
0.0
0.0
0.0
0.0
0.0
0.0
0.0
0.0
0.0
0.0
0.1289929570608661
0.1434065228927172
0.15102542784559853
0.0
0.0
0.0
0.0
0.0
0.0
0.0
0.0
0.0
0.0
0.0
0.13430926075383948
0.14466191463435074
0.14159453764837945
0.0
0.0
0.0
0.0
0.0
0.23387797217466239
0.17814423491438006
0.11558286938872699
0.10818550092972395
0.1002294776908733
0.1373011011751075
0.15620856152604704
0.15380722137713979
0.17004668116677127
0.1508094594911969
0.12187980287035767
0.0
0.0
0.0
0.2323212464969747
0.0
0.0
0.0
0.09396259312197806
0.1221749039925928
0.13417110633442994
0.1397877153028982
0.4437504660062006
0.1365637965495097
0.10774015253735865
0.14546268254221745
0.170505595682197
0.0
0.0
0.0
0.10042066830700849
0.11793912215255177
0.1193654203910508
0.16133407413286768
0.4141139949378698
0.09581785819527731
0.0
0.0
0.1377312957968633
0.14137937214679097
0.0
0.0
0.0
0.0
0.10344378405382312
0.0
0.20080958806254465
0.2022504182978195
0.0
0.12397456588265382
0.1280313252374527
0.0
0.0
0.1058814191602508
0.10246400507976823
0.09419795221843003
0.1032234304309866
0.0
0.0
0.0
0.0
0.0
0.11402118748920316
0.0
0.1071853775242933
0.17197479165013096
0.0
0.13011548535598064
0.12377172791491388
0.0
0.10623192316850542
0.1109929359472974
0.0
0.0
0.0
0.0
0.0
0.12951880366754565
0.0
0.0
0.1602880114863416
0.0
0.12267640288911817
0.13043495515517103
0.0
0.0
0.11363847508064001
0.0
0.0
0.0
0.0
0.0
0.0
0.0
0.0
0.1389125473191102
0.15849545285548977
0.0
0.19356359173805004
0.18810381776331456
0.18105317000467408
0.15529274810170118
0.16149566401839366
0.13874116993412175
0.0
0.0
0.16315287538082998
0.0
0.0
0.0
0.0
0.12842391485243324
0.15035161520755616
0.0
0.21212955506922618
0.0
0.0
0.0
0.16710184372031575
0.17367627338844768
0.20273944644132755
0.0
0.12795643121859487
0.17766927314975736
0.24218394092373308
0.0
0.0
0.0
0.0
0.0
0.0
0.20576705069687734
0.0
0.0
0.0
0.0
0.1714324091655626
0.15230992358700907
0.16815144593539705
0.1548059369791253
0.1883825059655965
0.22696699284523714
0.29741776597876285
0.1991209619811096
0.0
0.0
0.0
0.17731261559136569
0.17525200412731168
0.14007178700249578
0.20943848662256895
0.1565031973794574
0.17709217405345087
0.14364233623610467
0.0
0.21991130757223304
0.24080503140515713
0.0
0.0
0.0
0.1949361060401619
0.18603674284283855
0.11548376855305977
0.128746329073736
0.0
0.0
0.0
0.0
0.0
0.0
0.0
0.0
0.0
0.0
0.19053312399938827
0.1815610762758949
0.0
0.0
0.0
0.0
0.0
0.0
0.0
0.0
0.0
0.0
0.0
0.0
0.0
0.0
0.0
0.0
0.0
0.0
0.0
0.0
0.0
0.0
0.0
0.13860529985269507
0.0
0.0
0.13895680439110167
0.151330220558687
0.0
0.0
0.0
0.0
0.0
0.0
0.14423357784445176
0.0
0.0
0.0
0.0
0.0
0.0
0.0
0.13833549399864187
0.14108718523759906
0.0
0.0
0.0
0.0
0.0
0.0
0.16827062612089133
0.0
0.0
0.0
0.0
0.0
0.0
0.0
0.0
0.0
0.1929012567952166
0.15929716217450265
0.0
0.0
0.0
0.0
0.0
0.0
0.0
0.0
0.0
0.0
0.20947076928504024
0.182027457292343
0.21011985078180806
0.0
0.0
0.0
0.0
0.0
0.0
0.0
0.0
0.0
0.0
0.0
0.15694844087573667
0.138048757383755
0.1524349865117651
0.0
0.0
0.0
0.0
0.0
0.19715850464322565
0.12910470386018144
0.13267785346948716
0.12553256688043354
0.11545291259554297
0.11868529490708397
0.13891833726069855
0.12550716576641022
0.13266723366834252
0.15778627837661469
0.18518295102785934
0.0
0.0
0.0
0.13500219006211545
0.0
0.0
0.0
0.10483825246901682
0.0
0.0
0.1349800538638096
0.0
0.17505285412262156
0.15808148038960007
0.13822804469681205
0.16386062385903644
0.0
0.0
0.0
0.11700129604405592
0.0
0.0
0.1434553629373013
0.0
0.14234130800340372
0.0
0.0
0.13410365345063585
0.13665483655165375
0.0
0.0
0.0
0.0
0.1026765792699597
0.0
0.14531312008889594
0.1401896325365401
0.0
0.13308010863241476
0.1644030705384781
0.0
0.0
0.12924835304389237
0.13913499466249774
0.1438704968841894
0.12973516416646821
0.0
0.0
0.0
0.0
0.0
0.1022390287966921
0.0
0.15199598923362412
0.13425235326398968
0.0
0.1242720615686724
0.1265045085348284
0.0
0.13447516720207536
0.13910627827605365
0.0
0.0
0.0
0.0
0.0
0.10400789178279456
0.0
0.0
0.1395634307378003
0.0
0.08032383522501786
0.1688683904023123
0.18182395428208586
0.0
0.14943710574157434
0.0
0.0
0.0
0.0
0.0
0.0
0.0
0.0
0.1055615147082724
0.11726062915046168
0.0
0.1550837368045083
0.11141569297479749
0.11211955597383012
0.10435323372907193
0.13021996367283512
0.13415123649269217
0.0
0.0
0.16304498560083386
0.0
0.0
0.0
0.0
0.08987750350556922
0.16482386738989974
0.0
0.1319523675520183
0.0
0.0
0.0
0.12237424426131246
0.12647160802235766
0.12453513626622602
0.0
0.2205254385268672
0.15520947777810268
0.1744656169293045
0.0
0.0
0.0
0.0
0.18358941487218697
0.0
0.13371500314908522
0.0
0.0
0.0
0.0
0.11748486235589474
0.142322232575536
0.15438633485481554
0.10661163584411461
0.14529099231059703
0.15186327273071895
0.10694631849088553
0.10189331265607161
0.0
0.0
0.0
0.12304896242170174
0.12121596952139058
0.11685984930385827
0.1045797285498849
0.13136410907662593
0.12480938923072502
0.2686471214281235
0.0
0.17283518076655893
0.20909531206720325
0.0
0.0
0.0
0.1366751910236778
0.12990835658507696
0.11465729603359574
0.16227037419195528
0.0
0.0
0.0
0.0
0.0
0.0
0.0
0.0
0.0
0.0
0.14041023664009614
0.15321850940550838
0.0
0.0
0.0
0.0
0.0
0.0
0.0
0.0
0.0
0.0
0.0
0.0
0.0
0.0
0.0
0.0
0.0
0.0
0.0
0.0
0.0
0.0
0.0
0.12491359943659533
0.0
0.0
0.13425941674215347
0.1373603965682702
0.0
0.0
0.0
0.0
0.0
0.0
0.1147607034758936
0.10174352461835595
0.0
0.0
0.0
0.0
0.0
0.0
0.10906219352894567
0.11092319615164749
0.0
0.0
0.0
0.0
0.0
0.0
0.12008696291423586
0.0
0.0
0.0
0.0
0.0
0.0
0.0
0.0
0.0
0.12552709865194983
0.14566345526092309
0.0
0.0
0.0
0.0
0.0
0.0
0.0
0.0
0.0
0.0
0.1069300762024913
0.10893232448324339
0.11909431632181781
0.0
0.0
0.0
0.0
0.0
0.0
0.0
0.0
0.0
0.0
0.0
0.12212874037622033
0.11425928154393547
0.12261856394386164
0.0
0.0
0.0
0.0
0.0
0.1019260787893219
0.09953855659257115
0.11366046220059577
0.11078564863058768
0.1050169097529178
0.1036090665426327
0.11920882942176496
0.12930172003861323
0.1501965431612432
0.11789222461552777
0.15590126200492102
0.0
0.0
0.0
0.10058939937269858
0.0
0.0
0.0
0.10007445791238155
0.0
0.0
0.12317577687937342
0.0
0.139865703627272
0.08921920210117686
0.09923143058124691
0.10475290246700676
0.0
0.0
0.0
0.09773220096833082
0.0
0.0
0.12822995720051042
0.0
0.15749962519071178
0.0
0.0
0.1062465275021827
0.09892697455202416
0.0
0.0
0.0
0.0
0.09389727476036847
0.0
0.0
0.13114380911690052
0.0
0.08729533790492507
0.08682940204489534
0.0
0.0
0.0
0.0
0.0
0.0
0.0
0.0
0.0
0.0
0.0
0.09081511166257121
0.0
0.1269288412245603
0.12816426212092535
0.0
0.08497558595185391
0.12229390843566572
0.0
0.0
0.0
0.0
0.0
0.0
0.0
0.0
0.09263794384835737
0.0
0.0
0.12159585103322723
0.0
0.0
0.11991780652785494
0.09836448270871172
0.0
0.0
0.0
0.0
0.0
0.0
0.0
0.0
0.0
0.0
0.1066217077983748
0.1044372128299424
0.0
0.15551845144034998
0.12380706098026213
0.12247356492137824
0.13805152084380592
0.14279658821144797
0.12462364737942164
0.0
0.0
0.0
0.0
0.0
0.0
0.0
0.10565480018939652
0.11245079812951843
0.0
0.1837922546167914
0.0
0.0
0.0
0.1263704402310174
0.13731039003578963
0.15269642211462991
0.0
0.24794913176530764
0.0
0.0
0.0
0.0
0.0
0.0
0.10910155502843706
0.0
0.17454982135635674
0.0
0.0
0.0
0.0
0.15252541410490453
0.1591223289326313
0.13837606159218985
0.0
0.0
0.0
0.16832223658059808
0.1479905812630632
0.0
0.0
0.0
0.1483678598830595
0.14458290340503213
0.13280419080879435
0.0
0.0
0.0
0.0
0.0
0.18731480441139936
0.18726935303971493
0.0
0.0
0.0
0.14249657002256413
0.14378630338627163
0.0
0.0
0.0
0.0
0.0
0.0
0.0
0.0
0.0
0.0
0.0
0.0
0.1421267200138539
0.13113006526769522
0.0
0.0
0.0
0.0
0.0
0.0
0.0
0.0
0.0
0.0
0.0
0.0
0.0
0.0
0.0
0.0
0.0
0.0
0.0
0.0
0.0
0.0
0.08992096878437063
0.11708384919901532
0.0
0.0
0.12409510958919642
0.12338718414793617
0.0
0.0
0.0
0.0
0.0
0.0
0.1264803223585482
0.09784903563774902
0.0
0.0
0.0
0.0
0.0
0.0
0.11678430964690685
0.11375979334579223
0.0
0.0
0.0
0.0
0.0
0.0
0.11712771690317944
0.0
0.0
0.0
0.0
0.0
0.0
0.0
0.0
0.0
0.11702110772047089
0.14131214117522556
0.0
0.0
0.0
0.0
0.0
0.0
0.0
0.0
0.0
0.0
0.14330057166751523
0.12016548236214791
0.1154627471636758
0.0
0.0
0.0
0.0
0.0
0.0
0.0
0.0
0.0
0.0
0.0
0.1099243261660333
0.11997681393665202
0.11719833464416368
0.0
0.0
0.0
0.0
0.0
0.0953845543297087
0.08852014494185642
0.09501044683850382
0.08800001548709828
0.07893185967140248
0.08348810752176097
0.09656450881011186
0.10421510972306382
0.12273330289045821
0.08507024367013255
0.0
0.0
0.0
0.0
0.08784622614291636
0.0
0.0
0.0
0.0
0.0
0.0
0.10649111464386524
0.0
0.1020246409004068
0.11279944357278036
0.09005703400496638
0.08405605383143283
0.0
0.0
0.0
0.0
0.0
0.0
0.11056365704829868
0.0
0.09146777901188194
0.0
0.0
0.08370108738788792
0.08591520869003208
0.0
0.0
0.0
0.0
0.07772045400428605
0.0
0.08129745747016959
0.10736360366324242
0.0
0.08524921834755014
0.08145972784436155
0.0
0.0
0.09967457734740852
0.08407540717881352
0.0787096720291084
0.07900249074945478
0.0
0.0
0.0
0.0
0.0
0.08944167598029015
0.0
0.11451125269682297
0.12868995205034947
0.0
0.07845772592181037
0.08592216313464031
0.0
0.0835744772370567
0.07886340185729025
0.0
0.0
0.0
0.0
0.0
0.09734275207027013
0.0
0.0
0.1260789019054197
0.0
0.08178426859274546
0.10774113357186452
0.10545866213275072
0.0
0.08267198299273674
0.0
0.0
0.0
0.0
0.0
0.0
0.0
0.0
0.09991210136167648
0.10961841042473025
0.0
0.11867346588615524
0.10536320086847649
0.10107506755452043
0.09452188292781322
0.11446904731776725
0.10095245654417016
0.0
0.0
0.08442783785331566
0.0
0.0
0.0
0.0
0.092080323835225
0.12070643257245368
0.0
0.13874536658173015
0.0
0.0
0.0
0.11361676538762157
0.13162708921102442
0.13405241017457525
0.0
0.09829056200473645
0.09174336842568305
0.09756895252613004
0.0
0.0
0.0
0.0
0.09638860227002143
0.0
0.1492084071205235
0.0
0.0
0.0
0.0
0.115482003398226
0.12512713011578436
0.1162059876256241
0.08519194645077652
0.09733179882001215
0.08787876937730099
0.13802508647639725
0.10211503836979542
0.0
0.0
0.0
0.11315347397068821
0.11484316937130652
0.08814997434062681
0.08685865571790066
0.08100426440770912
0.08108346976991467
0.0
0.0
0.10297190294319764
0.11980578762438049
0.0
0.0
0.0
0.13613894320617076
0.12479002586435263
0.10443221989535188
0.12895085735787376
0.0
0.0
0.0
0.0
0.0
0.0
0.0
0.0
0.0
0.0
0.1314220213121381
0.11528232066370013
0.0
0.0
0.0
0.0
0.0
0.0
0.0
0.0
0.0
0.0
0.0
0.0
0.0
0.0
0.0
0.0
0.0
0.0
0.0
0.0
0.0
0.0
0.0
0.16704455785770647
0.0
0.0
0.1409505434904276
0.14231111816634476
0.0
0.0
0.0
0.0
0.0
0.0
0.1308738545508842
0.0
0.0
0.0
0.0
0.0
0.0
0.0
0.13805659179299945
0.1392216588343265
0.0
0.0
0.0
0.0
0.0
0.0
0.13921059494517704
0.0
0.0
0.0
0.0
0.0
0.0
0.0
0.0
0.0
0.1454607816343864
0.14628254568643925
0.0
0.0
0.0
0.0
0.0
0.0
0.0
0.0
0.0
0.0
0.17769272838570574
0.14428665891406958
0.1762613383853165
0.0
0.0
0.0
0.0
0.0
0.0
0.0
0.0
0.0
0.0
0.0
0.15343259367461085
0.15198772051232828
0.14363236272172666
0.0
0.0
0.0
0.0
0.0
0.0
0.0
0.1766515861047173
0.14890335211789293
0.11513319364998145
0.12589263817085536
0.14893413576240877
0.15145631916323632
0.1624562866074202
0.1858013047303653
0.24681323914596395
0.0
0.0
0.0
0.0
0.0
0.0
0.0
0.11204769337954512
0.0
0.0
0.14595300068815803
0.0
0.21150591022803103
0.19580625152495934
0.0
0.0
0.0
0.0
0.0
0.1139975217930045
0.0
0.0
0.17179376725061546
0.0
0.16989357954068526
0.0
0.0
0.0
0.0
0.0
0.0
0.0
0.0
0.11477749983570978
0.0
0.24535280577823634
0.1580919120565124
0.0
0.1449546500804537
0.1288102230335741
0.0
0.0
0.0
0.0
0.0
0.0
0.0
0.0
0.0
0.0
0.0
0.11623589173743948
0.0
0.20020868058311503
0.14813712134587942
0.0
0.12771238001921334
0.1269603407677858
0.0
0.0
0.0
0.0
0.0
0.0
0.0
0.0
0.12356450426138496
0.0
0.0
0.14924080073695123
0.0
0.12389343069555783
0.14348757837923645
0.0
0.0
0.15039253943928915
0.0
0.0
0.0
0.0
0.0
0.0
0.0
0.0
0.13685477683414027
0.0
0.0
0.1939367446008517
0.0
0.0
0.0
0.0
0.0
0.0
0.0
0.12605050756628194
0.0
0.0
0.0
0.0
0.0
0.0
0.0
0.15105193711442955
0.0
0.0
0.0
0.0
0.0
0.0
0.0
0.0
0.1487102150964362
0.15464366660493337
0.0
0.0
0.0
0.0
0.0
0.0
0.20519635502860128
0.0
0.0
0.0
0.0
0.0
0.0
0.0
0.0
0.15021600353769574
0.1412834057964624
0.25120917285002575
0.24975692515278988
0.0
0.0
0.0
0.0
0.0
0.0
0.0
0.0
0.10974338412189254
0.0
0.0
0.1699335641113482
0.197286175790511
0.0
0.0
0.0
0.0
0.0
0.0
0.0
0.0
0.0
0.0
0.0
0.0
0.0
0.0
0.0
0.0
0.0
0.0
0.0
0.0
0.0
0.0
0.0
0.0
0.0
0.0
0.0
0.0
0.0
0.0
0.0
0.0
0.0
0.0
0.0
0.0
0.0
0.0
0.0
0.0
0.0
0.0
0.21455821992198384
0.0
0.0
0.22907256495766642
0.21506378955335695
0.0
0.0
0.0
0.0
0.0
0.0
0.2145470838699436
0.20131512268983495
0.0
0.0
0.0
0.0
0.0
0.0
0.19259785307383068
0.19674945547239603
0.0
0.0
0.0
0.0
0.0
0.0
0.19196319249901436
0.0
0.0
0.0
0.0
0.0
0.0
0.0
0.0
0.0
0.1821352869767565
0.19369958350913394
0.0
0.0
0.0
0.0
0.0
0.0
0.0
0.0
0.0
0.0
0.20086455060864192
0.16951216135647532
0.1797980710719817
0.0
0.0
0.0
0.0
0.0
0.0
0.0
0.0
0.0
0.0
0.0
0.2181356384705857
0.21650647379086746
0.19826098865611805
0.0
0.0
0.0
0.0
0.0
0.20586701472486058
0.27214571868993065
0.2550100858855522
0.24082042636115072
0.22787683345655219
0.21409953170886575
0.1944959458503617
0.23398725630422024
0.2552483879245879
0.0
0.0
0.0
0.0
0.0
0.20640791597216712
0.0
0.0
0.0
0.0
0.19755851998425697
0.1914316643316611
0.1966671438839902
0.0
0.1501964441622351
0.17437574410667514
0.20595987741687605
0.21030240495277402
0.0
0.0
0.0
0.0
0.2080074382320592
0.20048794499941414
0.2188215995978517
0.11564806730692911
0.16293904004422902
0.1631512705089973
0.0
0.0
0.18955237539020098
0.0
0.0
0.0
0.0
0.0
0.0
0.0
0.33483042871883256
0.0
0.12920364589998234
0.13500895132770677
0.0
0.0
0.0
0.0
0.0
0.0
0.0
0.0
0.0
0.0
0.0
0.0
0.0
0.0
0.2922476662002296
0.0
0.1374712278752282
0.14604333677275974
0.0
0.0
0.0
0.0
0.0
0.0
0.0
0.0
0.0
0.0
0.0
0.21702039844432097
0.0
0.0
0.1665145838065966
0.15514296006398554
0.15278379846996404
0.0
0.0
0.0
0.0
0.0
0.0
0.0
0.0
0.0
0.0
0.0
0.0
0.2616583035981401
0.2035069190784497
0.1826290649848075
0.1750513338935781
0.18758168052387916
0.16113448157261157
0.1610649371265293
0.1721658053124911
0.0
0.0
0.0
0.0
0.0
0.0
0.0
0.0
0.2365327727989826
0.22644830718487355
0.0
0.0
0.18408098766857398
0.1909063574156911
0.1904904733458378
0.0
0.21054507514982845
0.0
0.0
0.0
0.0
0.0
0.0
0.0
0.0
0.0
0.0
0.0
0.0
0.0
0.2361033944492949
0.199511425069009
0.19504643433976657
0.18109373759822206
0.0
0.0
0.0
0.0
0.0
0.0
0.0
0.46833520867669237
0.3021474367454207
0.17689499166600522
0.1914437653782046
0.22425765713328216
0.0
0.0
0.0
0.0
0.0
0.0
0.0
0.0
0.29984701555834653
0.5435252907470074
0.24145831679762944
0.27717417502918174
0.0
0.0
0.0
0.0
0.0
0.0
0.0
0.0
0.0
0.0
0.4897167764637405
0.4129126409743919
0.0
0.0
0.0
0.0
0.0
0.0
0.0
0.0
0.0
0.0
0.0
0.0
0.0
0.0
0.0
0.0
0.0
0.0
0.0
0.0
0.0
0.0
0.0
0.20821846531029797
0.0
0.0
0.19348431310099956
0.2002339552614637
0.0
0.0
0.0
0.0
0.0
0.0
0.19045631904052987
0.0
0.0
0.0
0.0
0.0
0.0
0.0
0.17600829997845632
0.18753488730327736
0.0
0.0
0.0
0.0
0.0
0.0
0.18539663548903212
0.0
0.0
0.0
0.0
0.0
0.0
0.0
0.0
0.0
0.18791281653510694
0.1848620162877908
0.0
0.0
0.0
0.0
0.0
0.0
0.0
0.0
0.0
0.0
0.22852641488017053
0.20860684512448258
0.19726934110416927
0.0
0.0
0.0
0.0
0.0
0.0
0.0
0.0
0.0
0.0
0.0
0.22804829307440624
0.2369039705532185
0.22895949421654516
0.0
0.0
0.0
0.0
0.0
0.2106586082131954
0.21903691990206792
0.1939230830285676
0.1754689001720237
0.16515863519801674
0.1813774523607424
0.21686483054210648
0.2436826429251258
0.24356187149435238
0.18895183071881397
0.19389400652712865
0.0
0.0
0.0
0.19222084897138472
0.0
0.0
0.0
0.15465031703010515
0.21159877441617272
0.18665664989631986
0.24627079246652228
0.29204970054886814
0.23383160921060753
0.20370340973563453
0.190815808563618
0.19361173789303007
0.0
0.0
0.0
0.15218985633780457
0.22597044009867048
0.17957921410576383
0.2212699731849244
0.2635567991647001
0.18002649782949806
0.0
0.0
0.18086006825938566
0.1897752026174917
0.0
0.0
0.0
0.0
0.14835775236398907
0.0
0.25703627272005714
0.22731788548421988
0.0
0.1684907385359802
0.14604333677275974
0.0
0.0
0.17865968198534274
0.1722326812097625
0.16668855392563622
0.17203905071831097
0.0
0.0
0.0
0.0
0.0
0.15095944346130757
0.0
0.20423007673959084
0.2565108257941022
0.0
0.14687787012574693
0.1726332960196622
0.0
0.16734848237255057
0.0
0.0
0.0
0.0
0.0
0.0
0.15128251381922309
0.0
0.0
0.25621786561543686
0.0
0.2158520517501389
0.17533666693123792
0.0
0.0
0.17216009564608659
0.0
0.0
0.0
0.0
0.0
0.0
0.0
0.0
0.1580066472341451
0.141940214453906
0.0
0.22398736943169134
0.19339212385277027
0.20525934597983966
0.21854955808817694
0.17709177083730618
0.16454215943064265
0.0
0.0
0.21103262163663783
0.0
0.0
0.0
0.0
0.16601574985573714
0.21043067388093079
0.0
0.27787245563085566
0.0
0.0
0.0
0.19131677117231524
0.16569730446726333
0.15570104130128093
0.0
0.21807766992461955
0.18918697251104583
0.17911508593872016
0.0
0.0
0.0
0.0
0.19390061482291024
0.0
0.2962768174487379
0.0
0.0
0.0
0.0
0.14259238681494416
0.14956274177367707
0.22850780720800842
0.16405534830806676
0.20000511205489807
0.1948029669533424
0.2571126352490886
0.2649358895727655
0.0
0.0
0.0
0.1467305995340433
0.15005952853401064
0.16204622104794433
0.18926745338211684
0.15918723708230811
0.1631644242746311
0.15894697223794002
0.0
0.2584162857481522
0.2891736586023639
0.0
0.0
0.0
0.15499642828795937
0.14715326613223273
0.12946312265679347
0.14630412844556823
0.0
0.0
0.0
0.0
0.0
0.0
0.0
0.0
0.0
0.0
0.14772845219706082
0.1564626908979245
0.0
0.0
0.0
0.0
0.0
0.0
0.0
0.0
0.0
0.0
0.0
0.0
0.0
0.0
0.0
0.0
0.0
0.0
0.0
0.0
0.0
0.0
0.0
0.19073001000030454
0.0
0.0
0.19356975679448038
0.17723992555777648
0.0
0.0
0.0
0.0
0.0
0.0
0.19148976100174994
0.0
0.0
0.0
0.0
0.0
0.0
0.0
0.1880784189221367
0.19329988595586114
0.0
0.0
0.0
0.0
0.0
0.0
0.19720388059366137
0.0
0.0
0.0
0.0
0.0
0.0
0.0
0.0
0.2244199275074741
0.20921407021923918
0.20007937137868084
0.0
0.0
0.0
0.0
0.0
0.0
0.0
0.0
0.0
0.0
0.2636933401569995
0.22852639500221536
0.20643270268920252
0.0
0.0
0.0
0.0
0.0
0.0
0.0
0.0
0.0
0.0
0.0
0.21873486888061114
0.21848844128450565
0.22141286483884653
0.0
0.0
0.0
0.0
0.0
0.2075313262550345
0.206542873511099
0.19898773431593497
0.19311842728951192
0.1805919146789148
0.1714096093258734
0.18875241279643384
0.19236110341292495
0.20797915800973932
0.19399145056863923
0.18868799111040557
0.0
0.0
0.0
0.18942277164854351
0.0
0.0
0.0
0.16258433208984838
0.30827227715920513
0.20220047698419
0.2084081794956224
0.0
0.20455339740997333
0.20552964848298383
0.21278174532124183
0.19745059131677115
0.0
0.0
0.0
0.1619973123209012
0.22652944237196956
0.2767683502217989
0.20490896906626105
0.0
0.19005369366509137
0.0
0.0
0.30351392410703715
0.2340988780622178
0.0
0.0
0.0
0.0
0.15367839651139448
0.0
0.2263671719977776
0.2176326570484837
0.0
0.19013208396492784
0.17293965129507632
0.0
0.0
0.25265497261687436
0.23965711564409872
0.23704344351357937
0.264825250681271
0.0
0.0
0.0
0.0
0.0
0.1494701804230182
0.0
0.2374038755910333
0.21541563989672383
0.0
0.17836336217160093
0.17949681513070687
0.0
0.24784561445763345
0.2361033944492949
0.0
0.0
0.0
0.0
0.0
0.15704129417462673
0.0
0.0
0.21579641619327308
0.0
0.18119805426734548
0.17622872708025053
0.15053697790422926
0.0
0.25777573265308373
0.0
0.0
0.0
0.0
0.0
0.0
0.0
0.0
0.20910947670685792
0.6422808929039582
0.0
0.29531993659052574
0.24901929461282674
0.24658158419797957
0.21941198755501815
0.21058393427667332
0.1853533349207609
0.0
0.0
0.24090891567357953
0.0
0.0
0.0
0.0
0.1617886340185729
0.3325532510989782
0.0
0.26415588538772916
0.0
0.0
0.0
0.22894440735259097
0.22046746291113511
0.2198616051779001
0.0
0.1988546570808321
0.24823970894700023
0.2500347833394807
0.0
0.0
0.0
0.0
0.1694937239917
0.0
0.17758490418225317
0.0
0.0
0.0
0.0
0.24362661742372696
0.22323332539619545
0.19710465385533008
0.20537344233669338
0.23368962263318957
0.23456609616747637
0.19077871677367875
0.183576474323359
0.0
0.0
0.0
0.2643779998305072
0.2687197396618779
0.2532563275329975
0.2535560910778127
0.2237148907092608
0.2688912670708392
0.2756051859845936
0.0
0.18874244794784625
0.19060087246264484
0.0
0.0
0.0
0.26388205413128024
0.26669180093658224
0.24629165580034695
0.2567594585523179
0.0
0.0
0.0
0.0
0.0
0.0
0.0
0.0
0.0
0.0
0.24814804383689776
0.23248544607567836
0.0
0.0
0.0
0.0
0.0
0.0
0.0
0.0
0.0
0.0
0.0
0.0
0.0
0.0
0.0
0.0
0.0
0.0
0.0
0.0
0.0
0.0
0.0
0.21655350232221413
0.0
0.0
0.19938365312082634
0.18421234364211883
0.0
0.0
0.0
0.0
0.0
0.0
0.19985594687093147
0.18985633780458766
0.0
0.0
0.0
0.0
0.0
0.0
0.20564412610743601
0.1968077814329646
0.0
0.0
0.0
0.0
0.0
0.0
0.20156749068702887
0.0
0.0
0.0
0.0
0.0
0.0
0.0
0.0
0.25703627272005714
0.21190500440054588
0.2072716131251243
0.0
0.0
0.0
0.0
0.0
0.0
0.0
0.0
0.0
0.0
0.1914390100885568
0.19823500965139598
0.2098333884926422
0.0
0.0
0.0
0.0
0.0
0.0
0.0
0.0
0.0
0.0
0.0
0.2049739921210154
0.2142077602530813
0.2027371236005171
0.0
0.0
0.0
0.0
0.0
0.1873443924120962
0.20058629866334662
0.19332316093919333
0.2003383435747023
0.18491257349896925
0.19019255268061128
0.19023310808373114
0.19009974336587557
0.20100905342749556
0.1729324923079796
0.17214858322089055
0.0
0.0
0.0
0.1948967052737193
0.0
0.0
0.0
0.17677328888536128
0.0
0.0
0.19552990016042637
0.0
0.1677040217713334
0.15408615196217385
0.1971039090033106
0.19618488239807394
0.0
0.0
0.0
0.17415181099029023
0.0
0.0
0.18985121347698158
0.0
0.16340559627256263
0.0
0.0
0.18932527112541397
0.18522447315302024
0.0
0.0
0.0
0.0
0.17844332148642014
0.0
0.18547503770140486
0.19902229579823036
0.0
0.14832864454262976
0.1560649312616491
0.0
0.0
0.0
0.0
0.0
0.0
0.0
0.0
0.0
0.0
0.0
0.1730451270383011
0.0
0.16903338462601997
0.20961062072595565
0.0
0.1715522395957351
0.18361472376870425
0.0
0.0
0.0
0.0
0.0
0.0
0.0
0.0
0.17053762272973486
0.0
0.0
0.20628900027810276
0.0
0.0
0.19502917049638618
0.1906756053035568
0.0
0.0
0.0
0.0
0.0
0.0
0.0
0.0
0.0
0.0
0.16699424508509886
0.0
0.0
0.20831459286892257
0.1887760999003594
0.18390006054013
0.1960736112843423
0.20815683000512483
0.20358441146122708
0.0
0.0
0.0
0.0
0.0
0.0
0.0
0.16748864780412814
0.166854512262878
0.0
0.2781935074212239
0.0
0.0
0.0
0.21608412061405177
0.2175349623505203
0.23610933117030192
0.0
0.2329182588187271
0.0
0.0
0.0
0.0
0.0
0.0
0.0
0.0
0.2919012216893001
0.0
0.0
0.0
0.0
0.20944884085609541
0.19098158974365648
0.1778273675602072
0.19229039341746698
0.0
0.0
0.30307299982051555
0.2762826981733244
0.0
0.0
0.0
0.23403073421215834
0.21205492499404713
0.1869027747997057
0.19254298409427523
0.19474123562077997
0.0
0.0
0.0
0.383912754053589
0.2290463472956159
0.0
0.0
0.0
0.22861657511588676
0.23799138051760946
0.0
0.0
0.0
0.0
0.0
0.0
0.0
0.0
0.0
0.0
0.0
0.0
0.22676672452291063
0.19707656613744556
0.0
0.0
0.0
0.0
0.0
0.0
0.0
0.0
0.0
0.0
0.0
0.0
0.0
0.0
0.0
0.0
0.0
0.0
0.0
0.0
0.0
0.0
0.0
0.19973088355930638
0.0
0.0
0.19749432621976193
0.19834349281782582
0.0
0.0
0.0
0.0
0.0
0.0
0.2050569619617
0.0
0.0
0.0
0.0
0.0
0.0
0.0
0.23777680768314943
0.21929578969132374
0.0
0.0
0.0
0.0
0.0
0.0
0.21048610726318
0.0
0.0
0.0
0.0
0.0
0.0
0.0
0.0
0.0
0.20818347261120496
0.20447795471698466
0.0
0.0
0.0
0.0
0.0
0.0
0.0
0.0
0.0
0.0
0.22539142393986353
0.20855119178699774
0.22741351907526536
0.0
0.0
0.0
0.0
0.0
0.0
0.0
0.0
0.0
0.0
0.0
0.19433464086208446
0.194795892300895
0.24770284322782846
0.0
0.0
0.0
0.0
0.0
0.14397046360566249
0.1489088840624677
0.1491371495649195
0.14031690067298574
0.14800979749158594
0.16008286196527918
0.19326072639827702
0.1808738360109374
0.19251929822191224
0.18350345265497262
0.0
0.0
0.0
0.0
0.14708951259868
0.0
0.0
0.0
0.11966791015159932
0.2321250292279739
0.1659588980302404
0.18933093799546613
0.0
0.1759356112356097
0.1657436507118937
0.14704299169826313
0.15100881022303358
0.0
0.0
0.0
0.12226017937931581
0.21478802172508024
0.24135320985070963
0.1836481130056017
0.0
0.1639255320087132
0.0
0.0
0.13096254965636697
0.13441111310699957
0.0
0.0
0.0
0.0
0.14369166458062402
0.0
0.3130804032066037
0.21145814358910522
0.0
0.14900197333669066
0.14634549540056546
0.0
0.0
0.15042463687594254
0.1288852844133679
0.13030944916263196
0.13509008651480275
0.0
0.0
0.0
0.0
0.0
0.14654659421704425
0.0
0.2705632375195013
0.2197295023414557
0.0
0.1487064799727336
0.14941044703724282
0.0
0.12765421802982352
0.1122447359767782
0.0
0.0
0.0
0.0
0.0
0.15329709145556145
0.0
0.0
0.2143096916325144
0.0
0.1629047038365238
0.16078317457693828
0.12851813636002857
0.0
0.16079526743932734
0.0
0.0
0.0
0.0
0.0
0.0
0.0
0.0
0.15792466888053072
0.0
0.0
0.21881427589069785
0.0
0.18632695716591263
0.16973905932033997
0.17218384046421015
0.20379683813289654
0.0
0.0
0.15059553865301703
0.0
0.0
0.0
0.0
0.16543789189618224
0.15572582033412258
0.0
0.22179222327124973
0.0
0.0
0.0
0.17294518323965105
0.1776907860617694
0.19925553717124475
0.0
0.194772175610991
0.1233588483880563
0.20196465808974737
0.0
0.0
0.0
0.0
0.0
0.0
0.22559706952866074
0.0
0.0
0.0
0.20738153821731883
0.19064870058920583
0.18072270858047507
0.19224266102359688
0.18888271555943595
0.1256470571257459
0.12539583053936956
0.17752746688156149
0.17386459242797045
0.0
0.0
0.0
0.21527507772246623
0.2026107892160753
0.17646528723280847
0.17982316056829906
0.1828105829312759
0.15124120095619273
0.16480346245967234
0.0
0.16937842319978416
0.1636387503281701
0.0
0.0
0.0
0.23939423763790774
0.21814020351367314
0.18981163066067763
0.20962373297600648
0.0
0.0
0.0
0.0
0.0
0.0
0.0
0.0
0.0
0.0
0.2361700809044423
0.2386002644005711
0.0
0.0
0.0
0.0
0.0
0.0
0.0
0.0
0.0
0.0
0.0
0.0
0.0
0.0
0.0
0.0
0.0
0.0
0.0
0.0
0.0
0.0
0.0
0.2138217672644837
0.0
0.0
0.23988795833770726
0.20516511581217928
0.0
0.0
0.0
0.0
0.0
0.0
0.24709820175430103
0.0
0.0
0.0
0.0
0.0
0.0
0.0
0.22442465382905252
0.2619869210367925
0.0
0.0
0.0
0.0
0.0
0.0
0.2222757288988766
0.0
0.0
0.0
0.0
0.0
0.0
0.0
0.0
0.0
0.21942053339880507
0.22903191795605665
0.0
0.0
0.0
0.0
0.0
0.0
0.0
0.0
0.0
0.0
0.2180112022585048
0.22353975163868522
0.23751880482302704
0.0
0.0
0.0
0.0
0.0
0.0
0.0
0.0
0.0
0.0
0.0
0.22050971078290707
0.2313370555836566
0.22882513351399772
0.0
0.0
0.0
0.0
0.0
0.25546630684974997
0.2133441351393515
0.2083102604074757
0.1715500997666249
0.1563864059661182
0.16077466465592505
0.18142505188309677
0.20686328140489543
0.23888876941910708
0.24206683070084925
0.18192827095120928
0.0
0.0
0.2662856840489986
0.3753238474989424
0.0
0.0
0.0
0.14708517458922782
0.0
0.18966242696746136
0.18488689937684488
0.0
0.2139138026827526
0.16388532236452005
0.29937799558192185
0.41001666798952296
0.0
0.0
0.0
0.14870623522103799
0.0
0.0
0.22886851044873652
0.0
0.18291015159933327
0.0
0.0
0.1584570203984443
0.15196758060342874
0.0
0.0
0.0
0.0
0.15227451914173082
0.0
0.0
0.21707095190705
0.0
0.178934836098103
0.18304098208852554
0.0
0.0
0.0
0.13641529457070373
0.0
0.0
0.0
0.0
0.0
0.0
0.0
0.1556073943150734
0.0
0.13801095325025795
0.21190276008028391
0.0
0.21599809508691165
0.1817428190949899
0.0
0.1702448040093885
0.1397147921792735
0.0
0.0
0.0
0.0
0.0
0.15633099129232758
0.0
0.0
0.21071277465940821
0.0
0.1694102706564013
0.20416076105813385
0.17992539090404
0.0
0.14462585732761238
0.0
0.0
0.0
0.0
0.0
0.0
0.0
0.0
0.17265725358076653
0.1607027811431575
0.0
0.24079122774063333
0.1596972296869114
0.17526565303729047
0.21454739794163558
0.19282829841879717
0.22110961187395825
0.0
0.0
0.13741860964656424
0.0
0.0
0.0
0.0
0.17866886710086305
0.15867888564457402
0.0
0.27100996471581434
0.0
0.0
0.0
0.19800281768394315
0.19548243681851812
0.20253215049627463
0.0
0.0
0.0
0.13545519485673466
0.0
0.0
0.0
0.0
0.15985302288230158
0.0
0.2574082182968567
0.0
0.0
0.0
0.0
0.19474954238718012
0.1883753349528076
0.16218401743341251
0.1774426541789031
0.0
0.0
0.20411533434978363
0.2440231574882157
0.0
0.0
0.0
0.21572687174719082
0.20874460936053127
0.18070138236510122
0.18297143764244328
0.1869694346358238
0.0
0.0
0.0
0.2101950841293263
0.20699643408384094
0.0
0.0
0.0
0.22275321824035
0.22432486517802627
0.0
0.0
0.0
0.0
0.0
0.0
0.0
0.0
0.0
0.0
0.0
0.0
0.21682293139741696
0.20725548890879472
0.0
0.0
0.0
0.0
0.0
0.0
0.0
0.0
0.0
0.0
0.0
0.0
0.0
0.0
0.0
0.0
0.0
0.0
0.0
0.0
0.0
0.0
0.0
0.2548865570576154
0.0
0.0
0.28214118839425234
0.26898727594691424
0.0
0.0
0.0
0.0
0.0
0.0
0.2763065385257807
0.0
0.2636082228748313
0.0
0.0
0.0
0.0
0.0
0.2626938073878307
0.268547923971557
0.0
0.0
0.0
0.0
0.0
0.0
0.28146906100099767
0.0
0.0
0.0
0.0
0.0
0.0
0.0
0.0
0.0
0.2642282951426933
0.2748694556797241
0.0
0.0
0.0
0.0
0.0
0.0
0.0
0.0
0.0
0.0
0.2502982444025269
0.2602830212813689
0.2851678098166837
0.0
0.0
0.0
0.0
0.0
0.0
0.0
0.0
0.0
0.0
0.0
0.2430427492248811
0.23914596396539406
0.256254695229683
0.0
0.0
0.0
0.0
0.0
0.274213750902377
0.26349044599033716
0.2903894131451874
0.2690380392420237
0.2497649601074979
0.23405473097512147
0.25505486604571326
0.2515529278056443
0.23433123115219856
0.2868708400893495
0.0
0.0
0.0
0.0
0.277528458816698
0.0
0.0
0.0
0.20770212115169806
0.24176254902295316
0.24904624983391208
0.24768700269930524
0.0
0.22293832843876496
0.21799034664326458
0.2490143208644677
0.2555758393523295
0.0
0.0
0.0
0.20842263923193652
0.24719223304004986
0.25000060832078547
0.2413117202663992
0.20436542582744663
0.19757978349930091
0.2161441384236844
0.0
0.2645209937296611
0.2361692265583977
0.0
0.0
0.0
0.0
0.20544646400507977
0.0
0.26813556631478686
0.2332368988262313
0.0
0.19876830051447084
0.1986810841117076
0.0
0.0
0.0
0.0
0.0
0.0
0.0
0.0
0.0
0.0
0.0
0.2136405383647228
0.0
0.2548084930065744
0.23559969970397074
0.0
0.20657747939688453
0.22467896461856954
0.21760457179141202
0.0
0.0
0.25448051432653385
0.0
0.0
0.0
0.0
0.20279160477588923
0.0
0.0
0.23189723979787336
0.0
0.24316215572664496
0.22163229328977654
0.19808979548641426
0.19491168407749088
0.0
0.0
0.2609930282395982
0.2428523668304603
0.2425988457133786
0.0
0.0
0.0
0.0
0.19200273229958126
0.20675563820257845
0.0
0.23807127447851295
0.23880265313641333
0.22712292073352472
0.2854237907470943
0.2852991612700475
0.23184379712675607
0.19838422550542562
0.20620969347914217
0.0
0.24148463091236327
0.24709141693029305
0.0
0.2703424434037975
0.0
0.21022938328438762
0.0
0.298893915742872
0.0
0.0
0.0
0.2779585681403286
0.2865357977719686
0.24264375762283327
0.0
0.22337490629767795
0.0
0.0
0.2345420368244479
0.33985143545472796
0.32213619647542974
0.28241130248432417
0.0
0.0
0.2904465836920794
0.0
0.0
0.0
0.0
0.22890427522054524
0.2377231478207746
0.20218746593355533
0.20470407704315155
0.0
0.0
0.26822001577743004
0.2715189036166891
0.0
0.0
0.0
0.28541102398001905
0.24189388464414466
0.22199573968761996
0.21482148178876131
0.22278034764663862
0.0
0.0
0.0
0.3087958857908854
0.32031411223112943
0.0
0.0
0.0
0.2618580209817609
0.2752661428772749
0.22571632669259464
0.27625680137784275
0.0
0.0
0.0
0.0
0.0
0.0
0.0
0.0
0.0
0.0
0.2678925011808574
0.23650403093216013
0.0
0.0
0.0
0.0
0.0
0.0
0.0
0.0
0.0
0.0
0.0
0.0
0.0
0.0
0.0
0.0
0.0
0.0
0.0
0.0
0.0
0.0
