-0.09240535
-0.021938035
-0.0896904
-0.10133048
-0.05894486
-0.029964391
-0.07824779
-0.039205972
-0.007817538
-0.12017737
-0.071232
-0.07201573
-0.102817394
-0.07239194
-0.11323264
-0.055961672
-0.07390668
-0.121630214
-0.06691713
-0.071038865
-0.081682295
-0.034486145
-0.09212298
-0.06345826
-0.096247405
-0.047507968
-0.08510109
-0.038348038
-0.05338498
-0.12171568
-0.13060485
-0.06333066
-0.1029571
-0.09644157
-0.043399327
-0.025556117
-0.056580078
-0.060010493
-0.04907821
-0.17051749
-0.22326249
-0.018846571
-0.14143641
-0.094142206
-0.09068545
-0.064875804
-0.08268206
-0.21204261
-0.060002215
-0.1265332
-0.063916914
-0.10342274
-0.042245276
-0.10349159
-0.21953134
-0.13685222
-0.26319468
-0.3293816
0.096194685
0.07603925
-0.036286175
-0.10909846
-0.15534793
-0.05847294
-0.26046824
-0.061842687
-0.11717775
-0.08801719
-0.09540075
-0.11819342
-0.07285293
-0.16666071
-0.2962569
0.023369296
-0.23646808
0.14945342
-0.12462547
-0.024847472
-0.24443763
-0.39155665
-0.029374693
-0.017452404
-0.093400136
-0.09089315
-0.0066889953
0.01085555
-0.00028537554
0.013751756
-0.28665102
-0.037572604
-0.07383345
-0.05161994
-0.052354768
-0.3625571
-0.03689872
-0.018373879
-0.23614416
-0.10709866
-0.012311375
-0.27061206
-0.024422204
-0.03496617
-0.1924325
-0.1061012
0.0087953275
0.013610465
-0.020654636
-0.25497112
-0.017224595
-0.12877373
-0.047458563
-0.09887186
-0.069484435
-0.010939816
-0.13064858
-0.04361431
-0.10261724
-0.14158162
-0.12192967
-0.44738373
-0.22450213
0.0069269086
0.022007914
-0.041417934
-0.069156416
-0.34715617
-0.021530498
-0.1519375
-0.025328893
-0.038038027
-0.046263374
-0.10118118
-0.0850982
-0.039139915
-0.036040884
-0.12466263
-0.11904968
-0.2838249
-0.05121306
0.026438165
-0.16626108
-0.12632014
-0.14870653
-0.049864043
-0.06464968
-0.09224547
-0.11560373
-0.048968714
-0.094732225
-0.002592245
-0.33467266
-0.042049296
-0.061471436
-0.034436375
-0.1373632
-0.1076636
-0.09766129
-0.11601796
-0.1396968
-0.15155764
-0.088665284
-0.11476033
-0.073338024
-0.08860626
-0.1710008
-0.09958996
-0.06571238
-0.037818685
0.020857763
-0.05451526
-0.048123874
-0.08515222
-0.13424107
-0.29568297
-0.19358712
-0.007882889
-0.09008357
0.032356404
-0.09918393
-0.07233865
-0.1034391
-0.11754973
-0.07660311
-0.02155172
-0.007077325
-0.049352992
-0.050601643
0.045551702
-0.04791399
-0.08841327
-0.07934241
-0.022938205
-0.076348186
-0.06398766
-0.07826452
-0.057783067
-0.11190776
-0.03475822
-0.15226962
-0.19780275
-0.06408433
-0.027735574
-0.090818904
-0.06707969
-0.24694708
-0.09767743
-0.1087685
-0.03657119
-0.066219494
-0.0993396
-0.0567876
-0.09068454
-0.067680426
-0.051868904
-0.053377658
-0.052318476
-0.20709819
-0.05760486
-0.13970348
-0.03537836
-0.037591804
-0.035598878
-0.07526747
-0.10079865
-0.08009022
-0.070020474
-0.06510332
-0.13909085
0.0057003703
0.011442149
0.019993065
-0.018640148
-0.12221155
-0.08510847
-0.092359684
-0.11705647
0.41950044
0.35370427
-0.074521616
-0.03863637
-0.058886588
-0.08791323
-0.16421363
0.0127794575
0.00956823
-0.24295768
-0.073081344
0.008256051
-0.09726237
-0.11168409
-0.063284226
-0.11794518
-0.106456146
-0.14058505
-0.06476943
-0.09476264
-0.092010476
-0.2929768
-0.02240915
-0.09170946
-0.1123316
-0.08765411
-0.093074076
-0.08954834
-0.022297965
-0.09578136
-0.1080409
-0.011478116
-0.09570201
-0.016273506
