0.23261478345815692
0.2588523632153273
0.0
0.0
0.2551297213393451
0.0
0.0
0.0
0.0
0.0
0.0
0.0
0.2261738542956874
0.0
0.0
0.0
0.0
0.0
0.0
0.0
0.25210843373493974
0.24422234392113906
0.0
0.0
0.0
0.0
0.0
0.0
0.28489630653762593
0.0
0.0
0.0
0.0
0.0
0.0
0.0
0.0
0.0
0.2476907630522088
0.24983482316362224
0.0
0.0
0.0
0.0
0.0
0.0
0.0
0.0
0.0
0.0
0.0
0.0
0.25612390389962214
0.0
0.0
0.0
0.0
0.0
0.0
0.0
0.0
0.0
0.0
0.0
0.3072289156626506
0.31962134251290875
0.28797762478485367
0.26365005476451253
0.0
0.3540877796901893
0.0
0.0
0.0
0.0
0.0
0.0
0.0
0.0
0.0
0.0
0.3016781411359724
0.29123278829604127
0.29047729379054676
0.0
0.0
0.0
0.0
0.0
0.23980923694779116
0.0
0.3409090909090909
0.35630731882754896
0.2894954819277108
0.293753585771658
0.3020541181117914
0.0
0.0
0.31017494636078563
0.32776247848537
0.3023855421686747
0.28555480663914395
0.2865172921903441
0.3238400410151243
0.3092871485943775
0.0
0.0
0.2719879518072289
0.0
0.0
0.22738225629791892
0.3208960843373494
0.0
0.0
0.0
0.29495222268383875
0.0
0.0
0.2847389558232931
0.0
0.0
0.29585843373493975
0.2869879518072289
0.0
0.0
0.0
0.0
0.0
0.3339357429718875
0.28964950711938664
0.0
0.0
0.0
0.2640197152245345
0.0
0.0
0.30180722891566264
0.2744277108433735
0.0
0.3088589652728561
0.0
0.0
0.0
0.0
0.3144578313253012
0.0
0.0
0.0
0.2675027382256298
0.0
0.0
0.0
0.28296464546711436
0.0
0.29156626506024097
0.0
0.0
0.0
0.0
0.3232447029497299
0.2934165232358003
0.0
0.0
0.0
0.0
0.0
0.28058279630148497
0.28493975903614455
0.0
0.2920481927710843
0.2253012048192771
0.0
0.28807924003707136
0.2845094664371772
0.0
0.0
0.0
0.0
0.0
0.3045180722891566
0.0
0.0
0.0
0.27740963855421685
0.0
0.0
0.33487951807228916
0.0
0.0
0.35602409638554217
0.2943483023001095
0.3089873005535656
0.0
0.0
0.0
0.0
0.0
0.0
0.0
0.0
0.2780120481927711
0.0
0.0
0.2808011265842591
0.0
0.0
0.0
0.0
0.3011889663918833
0.0
0.0
0.0
0.0
0.0
0.0
0.31413692151784706
0.0
0.0
0.41084337349397587
0.40075301204819275
0.0
0.0
0.0
0.0
0.0
0.0
0.0
0.3157855913449717
0.0
0.2905640260155667
0.3426957831325301
0.30552799433026223
0.3591222030981067
0.3568167406467977
0.0
0.0
0.0
0.2790074204101172
0.0
0.0
0.0
0.0
0.0
0.2792442497261774
0.0
0.0
0.0
0.36996987951807225
0.3586691593962055
0.0
0.0
0.0
0.20698538836195848
0.0
0.0
0.0
0.0
0.0
0.0
0.0
0.0
0.0
0.0
0.0
0.29513438368860057
0.0
0.0
0.2671686746987952
0.0
0.0
0.0
0.38064759036144574
0.37991967871485943
0.0
0.0
0.34044608184805336
0.0
0.0
0.0
0.0
0.0
0.0
0.0
0.3323830204539086
0.0
0.0
0.0
0.0
0.0
0.0
0.0
0.414641173389209
0.37061101549053355
0.0
0.0
0.0
0.0
0.0
0.0
0.3414344879518072
0.0
0.0
0.0
0.0
0.0
0.0
0.0
0.0
0.0
0.3825618262523779
0.35793459552495693
0.0
0.0
0.0
0.0
0.0
0.0
0.0
0.0
0.0
0.0
0.0
0.0
0.3491237677984666
0.0
0.0
0.0
0.33054216867469877
0.35240963855421686
0.4393606684803731
0.0
0.0
0.0
0.0
0.0
0.38777969018932873
0.38152610441767065
0.3848721990766805
0.3506024096385542
0.0
0.0
0.37245345016429354
0.0
0.0
0.48375265768958187
0.48885542168674695
0.0
0.0
0.0
0.0
0.0
0.3833584337349397
0.36618196925633567
0.43099671412924423
0.0
0.0
0.0
0.0
0.0
0.0
0.0
0.48631225934666494
0.41455953684869346
0.4983894762724366
0.43202038924930486
0.4090361445783132
0.29751506024096386
0.7604181431608787
0.44576592082616173
0.39548192771084334
0.3704819277108434
0.35878570461621767
0.39364531295915367
0.449472891566265
0.3245026618100308
0.0
0.0
0.38454048753152137
0.846144578313253
0.0
0.4301204819277108
0.4653614457831325
0.0
0.0
0.0
0.3313253012048193
0.0
0.5364277298468322
0.5191925003384323
0.0
0.0
0.0
0.2746987951807229
0.0
0.0
0.0
0.0
0.0
0.5018448795180722
0.49375396322130627
0.0
0.0
0.0
0.2815710209258085
0.0
0.0
0.30903614457831324
0.3267068273092369
0.0
0.42880169325952455
0.0
0.0
0.0
0.0
0.3506024096385542
0.0
0.0
0.0
0.26325301204819274
0.0
0.0
0.0
0.316214859437751
0.0
0.4990361445783132
0.0
0.0
0.0
0.0
0.0
0.3338554216867469
0.0
0.0
0.0
0.0
0.0
0.23819277108433734
0.0
0.0
0.25829986613119144
0.32113672079622835
0.0
0.3269181991122384
0.37038681039949267
0.5150602409638554
0.0
0.0
0.0
0.0
0.0
0.0
0.0
0.0
0.0
0.0
0.27018072289156625
0.315065717415115
0.0
0.0
0.0
0.5009638554216866
0.0
0.0
0.0
0.0
0.0
0.0
0.0
0.0
0.0
0.0
0.0
0.0
0.3113665187064045
0.0
0.0
0.0
0.0
0.36407447973713036
0.0
0.0
0.0
0.0
0.0
0.0
0.3293207312006647
0.0
0.0
0.0
0.0
0.0
0.0
0.0
0.0
0.0
0.0
0.0
0.0
0.0
0.44896729776247846
0.33428571428571424
0.3717330861909175
0.3228635472121042
0.3829784253292238
0.0
0.0
0.0
0.28795180722891567
0.0
0.0
0.0
0.0
0.0
0.32638554216867466
0.0
0.0
0.0
0.3739384723359457
0.3708216323942386
0.0
0.0
0.32486160859654833
0.3190873081366562
0.0
0.0
0.0
0.0
0.0
0.36487951807228913
0.0
0.0
0.0
0.0
0.0
0.36292442497261773
0.0
0.0
0.26602409638554214
0.0
0.0
0.0
0.4768072289156626
0.5473373493975904
0.0
0.0
0.5464403066812705
0.0
0.0
0.0
0.0
0.0
0.0
0.0
0.5705234732031574
0.0
0.0
0.0
0.0
0.0
0.0
0.0
0.0
0.4877201112140871
0.0
0.0
0.0
0.0
0.0
0.0
0.3921686746987951
0.0
0.0
0.0
0.0
0.0
0.0
0.0
0.0
0.0
0.0
0.5198795180722892
0.0
0.0
0.0
0.0
0.0
0.0
0.0
0.0
0.0
0.0
0.0
0.0
0.0
0.0
0.0
0.0
0.0
0.0
0.0
0.0
0.0
0.0
0.0
0.0
0.0
0.0
0.5868072289156626
0.0
0.0
0.0
0.0
0.0
0.0
0.0
0.0
0.0
0.0
0.0
0.0
0.0
0.4963855421686747
0.48347302252488217
0.5770560502881089
0.0
0.0
0.0
0.0
0.0
0.0
0.0
0.46737720111214087
0.5502190580503833
0.5604991394148021
0.548433734939759
0.5112736660929432
0.0
0.46368330464716
0.4940084662976229
0.45824350031705763
0.4582329317269076
0.44959839357429715
0.4749139414802065
0.469333146539647
0.0
0.0
0.0
0.0
0.0
0.0
0.0
0.45896084337349397
0.0
0.0
0.0
0.0
0.0
0.48303109769674174
0.44648065948002535
0.0
0.0
0.0
0.0
0.0
0.0
0.0
0.0
0.0
0.4630522088353414
0.45632530120481923
0.0
0.0
0.0
0.0
0.0
0.44002409638554213
0.0
0.4054054054054054
0.0
0.0
0.0
0.0
0.0
0.0
0.0
0.0
0.0
0.0
0.0
0.0
0.0
0.0
0.3873117469879518
0.0
0.0
0.0
0.0
0.0
0.0
0.0
0.0
0.0
0.0
0.0
0.0
0.0
0.0
0.0
0.0
0.0
0.0
0.0
0.0
0.0
0.0
0.0
0.0
0.0
0.0
0.0
0.0
0.0
0.0
0.0
0.0
0.0
0.0
0.0
0.0
0.0
0.0
0.0
0.0
0.0
0.0
0.0
0.0
0.0
0.0
0.0
0.0
0.0
0.0
0.0
0.0
0.0
0.0
0.0
0.43313253012048186
0.4951807228915662
0.0
0.0
0.0
0.0
0.0
0.38804296131896
0.0
0.0
0.0
0.0
0.0
0.4126506024096385
0.4378012048192771
0.4012048192771084
0.0
0.0
0.0
0.0
0.0
0.0
0.0
0.48890857547838407
0.0
0.0
0.0
0.4344842785777255
0.0
0.0
0.0
0.0
0.0
0.0
0.0
0.4810063784549965
0.0
0.0
0.0
0.0
0.0
0.0
0.0
0.0
0.0
0.0
0.0
0.0
0.0
0.0
0.0
0.0
0.0
0.0
0.0
0.0
0.0
0.0
0.0
0.0
0.0
0.0
0.0
0.48313253012048185
0.5300553565613806
0.0
0.0
0.49879518072289153
0.0
0.0
0.0
0.0
0.0
0.0
0.0
0.5223998032948118
0.0
0.0
0.0
0.0
0.0
0.0
0.0
0.525639141933588
0.5403614457831325
0.0
0.0
0.0
0.0
0.0
0.5533993115318416
0.5344234079173839
0.0
0.0
0.0
0.0
0.0
0.0
0.0
0.0
0.5353915662650602
0.5215361445783132
0.0
0.0
0.0
0.0
0.0
0.0
0.0
0.0
0.0
0.0
0.0
0.5118072289156625
0.5169515270383861
0.0
0.0
0.0
0.0
0.0
0.0
0.0
0.0
0.0
0.4920070526006465
0.5084143023707733
0.5081263830833538
0.0
0.538239916186485
0.0
0.0
0.0
0.0
0.0
0.0
0.0
0.0
0.0
0.0
0.0
0.0
0.0
0.0
0.0
0.0
0.0
0.0
0.0
0.0
0.0
0.0
0.0
0.0
0.5486121054677112
0.5242010145846544
0.0
0.0
0.0
0.0
0.0
0.0
0.0
0.0
0.0
0.0
0.5208926615553121
0.4755722891566264
0.0
0.0
0.0
0.0
0.0
0.0
0.0
0.0
0.0
0.0
0.0
0.0
0.0
0.4848995983935743
0.0
0.0
0.0
0.0
0.0
0.0
0.0
0.0
0.0
0.0
0.0
0.0
0.0
0.0
0.0
0.0
0.0
0.44978738483345143
0.0
0.0
0.0
0.0
0.0
0.0
0.0
0.0
0.0
0.0
0.0
0.0
0.0
0.0
0.5471204819277108
0.0
0.0
0.0
0.0
0.0
0.0
0.0
0.0
0.0
0.0
0.0
0.0
0.0
0.0
0.0
0.0
0.0
0.6027108433734939
0.5167888947092718
0.0
0.0
0.0
0.0
0.4567771084337349
0.0
0.0
0.0
0.0
0.0
0.0
0.0
0.0
0.0
0.0
0.0
0.0
0.0
0.0
0.0
0.46508643268727073
0.0
0.4653614457831325
0.0
0.0
0.0
0.0
0.0
0.0
0.0
0.0
0.5222403126017583
0.0
0.0
0.0
0.0
0.0
0.0
0.47509267840593133
0.0
0.0
0.0
0.0
0.0
0.0
0.0
0.0
0.0
0.0
0.0
0.0
0.0
0.0
0.0
0.0
0.0
0.5493975903614458
0.0
0.0
0.0
0.0
0.0
0.6263339070567986
0.0
0.0
0.0
0.0
0.0
0.0
0.0
0.0
0.0
0.0
0.0
0.0
0.0
0.5721686746987952
0.0
0.0
0.0
0.0
0.0
0.0
0.0
0.0
0.0
0.0
0.0
0.0
0.0
0.0
0.0
0.0
0.0
0.0
0.0
0.0
0.0
0.0
0.0
0.47201845356107974
0.4943674698795181
0.0
0.0
0.4441767068273092
0.0
0.0
0.0
0.0
0.0
0.0
0.0
0.4524889029803424
0.0
0.0
0.0
0.0
0.0
0.0
0.0
0.43316553886779996
0.44036144578313247
0.0
0.0
0.0
0.0
0.0
0.49305457122608076
0.4654309545875811
0.0
0.0
0.0
0.0
0.0
0.0
0.0
0.0
0.0
0.4407379518072289
0.0
0.0
0.0
0.0
0.0
0.0
0.0
0.0
0.0
0.0
0.0
0.0
0.4387048192771084
0.0
0.0
0.0
0.0
0.0
0.0
0.0
0.0
0.0
0.42449799196787147
0.39149096385542165
0.0
0.0
0.0
0.0
0.0
0.0
0.0
0.0
0.0
0.0
0.0
0.0
0.0
0.0
0.3903614457831325
0.0
0.0
0.0
0.0
0.0
0.0
0.444578313253012
0.0
0.0
0.0
0.0
0.0
0.5122083269788013
0.4393495329633139
0.0
0.0
0.0
0.0
0.0
0.0
0.0
0.0
0.0
0.0
0.0
0.3984939759036144
0.0
0.0
0.0
0.0
0.0
0.0
0.0
0.0
0.0
0.0
0.0
0.0
0.0
0.4538087835211814
0.0
0.0
0.0
0.0
0.0
0.0
0.0
0.0
0.0
0.0
0.0
0.0
0.0
0.0
0.0
0.0
0.0
0.4795850066934404
0.0
0.0
0.0
0.0
0.0
0.0
0.0
0.0
0.0
0.0
0.0
0.0
0.0
0.0
0.0
0.0
0.0
0.0
0.0
0.0
0.0
0.0
0.0
0.0
0.0
0.0
0.0
0.0
0.0
0.0
0.0
0.0
0.40753012048192766
0.431757217549443
0.3790160642570281
0.0
0.0
0.4637801204819277
0.4694687842278203
0.0
0.0
0.0
0.0
0.0
0.0
0.0
0.0
0.4694414019715224
0.0
0.0
0.0
0.0
0.0
0.0
0.5157674174960711
0.0
0.0
0.0
0.41372318542462533
0.0
0.0
0.0
0.0
0.0
0.0
0.5306153184165232
0.0
0.0
0.0
0.0
0.0
0.0
0.0
0.0
0.46867469879518064
0.0
0.0
0.0
0.0
0.0
0.0
0.0
0.0
0.41405622489959837
0.0
0.0
0.0
0.0
0.0
0.0
0.5822289156626506
0.0
0.0
0.0
0.0
0.0
0.4379654983570646
0.0
0.0
0.0
0.0
0.0
0.0
0.0
0.0
0.0
0.0
0.0
0.0
0.0
0.49036741023499936
0.5467562557924004
0.0
0.0
0.0
0.0
0.0
0.0
0.0
0.0
0.0
0.0
0.0
0.0
0.0
0.0
0.0
0.0
0.0
0.0
0.0
0.0
0.0
0.0
0.28732320586694604
0.29412122453682954
0.0
0.0
0.2790822865931812
0.0
0.0
0.0
0.0
0.0
0.0
0.0
0.2896055559818893
0.0
0.0
0.0
0.0
0.0
0.0
0.0
0.3496891822609587
0.3238893072289156
0.0
0.0
0.0
0.0
0.0
0.29393287435456106
0.30413654618473895
0.0
0.2587349397590361
0.0
0.0
0.0
0.0
0.0
0.0
0.3538515765188413
0.32314359478731247
0.0
0.0
0.29506639697476034
0.0
0.2597745821997668
0.0
0.0
0.0
0.0
0.0
0.3386746987951807
0.32669016678065976
0.3387457780914453
0.0
0.4152861445783132
0.37732358003442334
0.0
0.0
0.0
0.3508877615726062
0.2853552139592854
0.0
0.29043491037320013
0.30088121079358754
0.3240606129983115
0.3082158893878095
0.2995716971933978
0.34518072289156626
0.3577710843373494
0.3358989355480173
0.31942771084337346
0.0
0.0
0.0
0.33879518072289155
0.289633734939759
0.3196787148594377
0.3490533562822719
0.2928027901077996
0.0
0.0
0.3020331325301205
0.31879518072289154
0.0
0.0
0.0
0.0
0.0
0.0
0.2957009857612267
0.0
0.41486856516976994
0.4302442647301535
0.0
0.4363166953528399
0.3813522747707247
0.2986856516976999
0.0
0.0
0.0
0.0
0.2894084534860754
0.0
0.0
0.29393287435456106
0.34666523235800345
0.43402029169308814
0.3270473787040052
0.0
0.0
0.0
0.0
0.0
0.0
0.0
0.31473586654309543
0.2554969879518072
0.0
0.3213916892058028
0.0
0.4350903614457831
0.36214214656792304
0.34557359874279725
0.24713855421686745
0.0
0.0
0.0
0.0
0.0
0.0
0.0
0.0
0.0
0.3036144578313253
0.2737130339539978
0.0
0.36496284539355023
0.0
0.4291164658634538
0.0
0.3881261889663919
0.329038882803943
0.0
0.0
0.0
0.0
0.0
0.0
0.33433734939759036
0.2823293172690763
0.0
0.3535007956353717
0.0
0.0
0.0
0.3611462424282766
0.3275077052395629
0.3072289156626506
0.0
0.0
0.0
0.0
0.0
0.0
0.0
0.0
0.34938529628718956
0.2954593373493976
0.0
0.38260099220411053
0.39173391679927255
0.36589251743817375
0.3308180088776157
0.3233601070950468
0.36538797677757656
0.39528458662235144
0.0
0.0
0.0
0.0
0.0
0.0
0.0
0.31746987951807226
0.3649621450310637
0.3807692307692307
0.4243702081051478
0.46445783132530116
0.4511617900172117
0.0
0.0
0.3659291010194624
0.36110085503303535
0.3787200751056172
0.0
0.34445783132530117
0.0
0.0
0.0
0.0
0.0
0.0
0.3848493975903614
0.0
0.45562248995983934
0.4373493975903614
0.0
0.0
0.40344234079173835
0.3793853379620175
0.38137048192771084
0.32433136802529267
0.34879518072289156
0.0
0.0
0.0
0.42560240963855417
0.0
0.0
0.0
0.3425210275062514
0.0
0.3827452667814113
0.36522966867469875
0.34919678714859437
0.0
0.0
0.3858273330006416
0.42950389794472005
0.0
0.0
0.0
0.0
0.32460295728368016
0.0
0.0
0.37920648109680094
0.0
0.0
0.0
0.0
0.0
0.0
0.0
0.0
0.0
0.0
0.3207473458189192
0.36869743123437143
0.0
0.0
0.0
0.0
0.0
0.0
0.0
0.0
0.4291566265060241
0.0
0.0
0.0
0.0
0.0
0.0
0.0
0.0
0.0
0.0
0.0
0.0
0.0
0.26602409638554214
0.2179501790947574
0.0
0.0
0.2159107016300496
0.0
0.0
0.0
0.0
0.0
0.0
0.0
0.22583907056798622
0.0
0.0
0.0
0.0
0.0
0.0
0.0
0.2321643717728055
0.23493975903614456
0.0
0.0
0.0
0.0
0.0
0.0
0.0
0.0
0.0
0.0
0.0
0.0
0.0
0.0
0.0
0.0
0.2939497118910424
0.0
0.0
0.0
0.0
0.0
0.0
0.0
0.0
0.0
0.0
0.0
0.2612736660929432
0.0
0.0
0.34353778751369113
0.0
0.0
0.0
0.0
0.0
0.0
0.0
0.25384036144578315
0.3445030120481927
0.3181254429482636
0.2676204819277108
0.2706325301204819
0.0
0.0
0.3377025342750311
0.31234939759036146
0.0
0.0
0.0
0.22873232058669457
0.0
0.23102409638554214
0.0
0.2516712009327633
0.0
0.0
0.3049397590361445
0.29660068846815835
0.0
0.0
0.0
0.0
0.0
0.0
0.0
0.0
0.0
0.273171559477346
0.0
0.0
0.0
0.0
0.0
0.0
0.0
0.0
0.0
0.0
0.0
0.27804878048780485
0.0
0.0
0.24430449069003285
0.0
0.0
0.0
0.0
0.0
0.0
0.0
0.0
0.0
0.0
0.22243975903614455
0.0
0.0
0.0
0.0
0.0
0.0
0.0
0.0
0.0
0.0
0.0
0.0
0.0
0.0
0.0
0.0
0.0
0.2729498639720171
0.0
0.0
0.0
0.0
0.0
0.0
0.0
0.0
0.0
0.0
0.0
0.0
0.0
0.0
0.24165839829907865
0.0
0.0
0.0
0.0
0.0
0.0
0.23364888123924266
0.0
0.0
0.0
0.0
0.0
0.0
0.0
0.0
0.0
0.0
0.2674698795180723
0.2575301204819277
0.0
0.0
0.22461273666092943
0.22028112449799195
0.2463331587218439
0.0
0.2355421686746988
0.23728915662650601
0.0
0.0
0.0
0.0
0.0
0.0
0.23120481927710843
0.0
0.0
0.0
0.0
0.0
0.22771084337349395
0.2779327837666455
0.2114457831325301
0.0
0.0
0.0
0.0
0.0
0.0
0.0
0.0
0.0
0.0
0.0
0.0
0.0
0.0
0.0
0.0
0.0
0.2500555216256732
0.25210843373493974
0.0
0.0
0.0
0.0
0.0
0.0
0.0
0.2828313253012048
0.0
0.0
0.0
0.2656626506024096
0.0
0.0
0.0
0.24156626506024093
0.0
0.0
0.0
0.0
0.24169601482854491
0.0
0.0
0.0
0.0
0.0
0.0
0.0
0.0
0.0
0.0
0.0
0.0
0.0
0.20227576974564926
0.0
0.0
0.0
0.0
0.0
0.0
0.0
0.0
0.0
0.0
0.0
0.0
0.0
0.0
0.0
0.0
0.0
0.0
0.0
0.0
0.0
0.0
0.0
0.24483195941661384
0.24747660168571278
0.0
0.0
0.25348694046258025
0.0
0.0
0.0
0.0
0.0
0.0
0.0
0.23967243975903613
0.0
0.0
0.0
0.0
0.0
0.0
0.0
0.25441086379415967
0.2519793459552495
0.0
0.0
0.0
0.0
0.0
0.2676867469879518
0.25936316695352835
0.0
0.0
0.0
0.0
0.0
0.0
0.0
0.0
0.2938341601700921
0.2795471541337765
0.0
0.0
0.0
0.0
0.2569550930996714
0.0
0.0
0.0
0.0
0.0
0.3207831325301205
0.2624626948159611
0.2872330523811986
0.0
0.0
0.0
0.0
0.0
0.0
0.0
0.0
0.0
0.22033925174381735
0.2366141034727144
0.23181431608788095
0.2459296646043634
0.23607764390896918
0.0
0.0
0.0
0.0
0.0
0.0
0.2828313253012048
0.3080321285140562
0.0
0.272126969416126
0.0
0.2188037865748709
0.0
0.0
0.2613788487282463
0.3492469879518072
0.0
0.0
0.0
0.0
0.0
0.0
0.24748405386250882
0.0
0.0
0.2662456276719782
0.0
0.0
0.2746987951807229
0.29284638554216863
0.0
0.0
0.0
0.0
0.2692771084337349
0.0
0.0
0.2364812189936215
0.2200301204819277
0.0
0.3086746987951807
0.0
0.0
0.0
0.0
0.0
0.0
0.0
0.0
0.0
0.0
0.22254733218588638
0.0
0.2520331325301205
0.2648881239242685
0.0
0.0
0.0
0.0
0.0
0.0
0.0
0.0
0.0
0.0
0.0
0.0
0.0
0.0
0.2501017055233923
0.0
0.2631024096385542
0.0
0.0
0.0
0.0
0.0
0.0
0.0
0.0
0.0
0.0
0.0
0.0
0.21591222030981067
0.0
0.284375
0.0
0.3278035217794254
0.0
0.0
0.0
0.0
0.0
0.0
0.0
0.0
0.0
0.0
0.0
0.0
0.0
0.25015060240963854
0.26587175146868464
0.20640060240963853
0.21960273526538585
0.21397590361445784
0.3036760679079956
0.28672009466437176
0.0
0.0
0.0
0.0
0.0
0.0
0.0
0.0
0.0
0.3620807554542494
0.28035917253921344
0.0
0.0
0.0
0.0
0.26384416169350294
0.2565090081688985
0.27064622124863086
0.0
0.0
0.0
0.0
0.0
0.0
0.0
0.0
0.3117508997027069
0.29531097362422665
0.0
0.0
0.0
0.0
0.3363088718510405
0.2931743502937369
0.2647316538882804
0.24791395310973624
0.26516976998904707
0.0
0.0
0.27312475709288764
0.0
0.0
0.0
0.0
0.28357935051464134
0.0
0.2584717818642993
0.25422547332185885
0.2710843373493976
0.0
0.0
0.3064532809348984
0.28619041382922994
0.0
0.0
0.0
0.0
0.3184707333270088
0.0
0.0
0.0
0.0
0.0
0.0
0.0
0.0
0.0
0.0
0.0
0.0
0.0
0.2926413345690454
0.2515436746987952
0.0
0.0
0.0
0.0
0.0
0.0
0.2809419496166484
0.2630808950086059
0.0
0.0
0.3477932651106518
0.3511820868379177
0.35086058519793456
0.0
0.0
0.0
0.0
0.0
0.0
0.0
0.0
0.0
0.293222891566265
0.33140060240963853
0.0
0.0
0.2997418244406196
0.0
0.0
0.0
0.0
0.0
0.0
0.0
0.0
0.0
0.0
0.0
0.0
0.0
0.0
0.0
0.0
0.0
0.0
0.0
0.0
0.0
0.0
0.0
0.0
0.0
0.3514365152919369
0.0
0.0
0.0
0.0
0.0
0.0
0.0
0.29690189328743544
0.0
0.0
0.0
0.0
0.3650602409638554
0.0
0.0
0.0
0.0
0.0
0.0
0.0
0.0
0.0
0.0
0.0
0.0
0.0
0.0
0.3789156626506024
0.0
0.0
0.4305722891566265
0.0
0.0
0.394578313253012
0.0
0.0
0.0
0.0
0.0
0.0
0.0
0.0
0.0
0.0
0.0
0.4134939759036145
0.0
0.0
0.0
0.0
0.0
0.0
0.0
0.416867469879518
0.0
0.0
0.0
0.0
0.0
0.5377353162650602
0.48663403614457823
0.0
0.0
0.0
0.0
0.0
0.0
0.0
0.0
0.0
0.0
0.0
0.3081325301204819
0.0
0.0
0.0
0.0
0.0
0.0
0.0
0.0
0.0
0.0
0.0
0.0
0.0
0.0
0.0
0.0
0.0
0.0
0.0
0.0
0.0
0.0
0.0
0.0
0.0
0.0
0.0
0.0
0.0
0.0
0.0
0.3519578313253012
0.0
0.0
0.0
0.0
0.0
0.0
0.0
0.0
0.0
0.0
0.0
0.0
0.0
0.0
0.0
0.0
0.0
0.0
0.0
0.0
0.0
0.0
0.0
0.0
0.0
0.0
0.0
0.0
0.0
0.0
0.0
0.0
0.0
0.0
0.0
0.0
0.0
0.0
0.0
0.0
0.0
0.0
0.0
0.0
0.0
0.0
0.0
0.0
0.0
0.0
0.0
0.0
0.0
0.0
0.0
0.0
0.0
0.0
0.0
0.0
0.0
0.0
0.0
0.0
0.0
0.0
0.0
0.0
0.0
0.0
0.0
0.0
0.0
0.0
0.0
0.0
0.0
0.0
0.0
0.0
0.0
0.0
0.0
0.3915662650602409
0.0
0.0
0.0
0.0
0.0
0.0
0.0
0.0
0.0
0.0
0.0
0.0
0.0
0.0
0.0
0.0
0.0
0.0
0.0
0.0
0.0
0.0
0.0
0.0
0.0
0.0
0.0
0.0
0.0
0.0
0.0
0.0
0.0
0.0
0.0
0.0
0.0
0.0
0.0
0.0
0.0
0.0
0.0
0.0
0.0
0.0
0.0
0.0
0.0
0.0
0.4339082356824558
0.375793045600122
0.0
0.0
0.42140060240963856
0.0
0.0
0.0
0.0
0.0
0.0
0.0
0.459350445259298
0.0
0.0
0.0
0.0
0.0
0.0
0.0
0.5503833515881709
0.529935125115848
0.0
0.0
0.0
0.0
0.0
0.0
0.45286144578313253
0.0
0.0
0.0
0.0
0.0
0.0
0.0
0.0
0.0
0.4489156626506024
0.42139288862768143
0.0
0.0
0.0
0.0
0.0
0.0
0.0
0.0
0.0
0.0
0.0
0.0
0.42509550396708784
0.0
0.0
0.0
0.0
0.0
0.0
0.0
0.0
0.0
0.0
0.0
0.0
0.0
0.4295754446356856
0.37349397590361444
0.0
0.0
0.0
0.0
0.0
0.0
0.0
0.0
0.0
0.0
0.0
0.0
0.39510542168674695
0.38853632351186923
0.4269230769230769
0.0
0.0
0.0
0.0
0.0
0.0
0.0
0.36162650602409635
0.3624096385542168
0.3473895582329317
0.39667611622962434
0.39418851878100636
0.0
0.0
0.0
0.0
0.0
0.0
0.0
0.36764199655765917
0.3772590361445783
0.0
0.35306681270536694
0.37493256608523645
0.0
0.0
0.0
0.0
0.0
0.0
0.0
0.0
0.0
0.4478002447149606
0.41985946812970487
0.0
0.0
0.0
0.0
0.0
0.0
0.0
0.0
0.0
0.0
0.0
0.0
0.0
0.0
0.0
0.0
0.396815834767642
0.0
0.39857612267250814
0.0
0.0
0.0
0.0
0.0
0.0
0.0
0.0
0.0
0.0
0.0
0.0
0.0
0.0
0.0
0.0
0.0
0.0
0.0
0.0
0.0
0.0
0.0
0.0
0.0
0.0
0.0
0.0
0.0
0.0
0.0
0.0
0.38691910499139415
0.0
0.4337349397590361
0.0
0.0
0.0
0.0
0.0
0.0
0.0
0.0
0.0
0.0
0.0
0.0
0.0
0.42506024096385536
0.0
0.0
0.0
0.41405622489959837
0.4261187607573149
0.0
0.0
0.0
0.0
0.0
0.0
0.0
0.0
0.3164457831325301
0.0
0.0
0.40142387732749174
0.0
0.0
0.0
0.0
0.0
0.0
0.0
0.0
0.0
0.0
0.0
0.40203892493049115
0.0
0.0
0.0
0.0
0.0
0.0
0.0
0.0
0.0
0.0
0.0
0.3414876898899947
0.0
0.39298192771084334
0.0
0.0
0.5259036144578313
0.4274407976734524
0.0
0.0
0.0
0.35963855421686747
0.0
0.0
0.0
0.0
0.0
0.48828471781864297
0.0
0.0
0.0
0.4291738382099828
0.42030981067125645
0.0
0.0
0.5313253012048192
0.5739402052655065
0.0
0.0
0.0
0.0
0.0
0.0
0.0
0.0
0.0
0.0
0.0
0.43689759036144576
0.0
0.0
0.0
0.0
0.0
0.0
0.3758402029169309
0.3793282876064333
0.0
0.0
0.461416397296503
0.0
0.0
0.0
0.0
0.0
0.0
0.0
0.4642085583714167
0.0
0.0
0.0
0.0
0.0
0.0
0.0
0.44668674698795174
0.4678463855421686
0.0
0.0
0.0
0.0
0.0
0.0
0.4316074424279396
0.0
0.0
0.0
0.0
0.0
0.0
0.0
0.0
0.0
0.41421686746987946
0.41259036144578315
0.0
0.0
0.0
0.0
0.0
0.0
0.0
0.0
0.0
0.0
0.0
0.0
0.4132906626506024
0.0
0.0
0.0
0.0
0.0
0.0
0.0
0.0
0.0
0.0
0.0
0.0
0.0
0.4101549053356282
0.4027340129749768
0.0
0.0
0.0
0.0
0.0
0.0
0.0
0.0
0.0
0.0
0.0
0.0
0.4124096385542168
0.4110692771084337
0.43340635268346106
0.0
0.0
0.0
0.0
0.0
0.0
0.0
0.0
0.3829935125115848
0.37850724933632834
0.4184430027803522
0.4180120481927711
0.4111052907281299
0.0
0.3409004438807863
0.34027538726333906
0.35240963855421686
0.3654077849860982
0.36425702811244975
0.35702811244979915
0.0
0.0
0.0
0.0
0.0
0.0
0.0
0.3334812935954343
0.0
0.0
0.0
0.0
0.0
0.5698290459133832
0.0
0.0
0.0
0.0
0.0
0.0
0.0
0.0
0.0
0.0
0.0
0.0
0.0
0.0
0.0
0.0
0.0
0.4406102671555788
0.0
0.0
0.0
0.4677437020810514
0.0
0.0
0.0
0.0
0.0
0.0
0.0
0.0
0.0
0.0
0.5024096385542168
0.0
0.0
0.0
0.3870323398858592
0.0
0.0
0.0
0.0
0.0
0.0
0.0
0.0
0.0
0.0
0.0
0.0
0.0
0.0
0.0
0.0
0.0
0.42486308871851036
0.0
0.0
0.0
0.0
0.0
0.0
0.0
0.0
0.0
0.0
0.0
0.0
0.0
0.4346385542168674
0.0
0.0
0.0
0.0
0.0
0.0
0.0
0.0
0.0
0.0
0.0
0.0
0.0
0.0
0.0
0.0
0.40055938037865746
0.0
0.0
0.0
0.0
0.0
0.0
0.0
0.0
0.0
0.0
0.0
0.39462134251290876
0.0
0.0
0.0
0.0
0.0
0.0
0.0
0.0
0.0
0.0
0.0
0.0
0.0
0.37645968489341985
0.0
0.4181770560502881
0.40548862115127177
0.4129518072289156
0.0
0.0
0.0
0.0
0.0
0.0
0.0
0.0
0.0
0.3617372716673144
0.0
0.0
0.0
0.4206672845227062
0.430053547523427
0.0
0.0
0.0
0.3990748709122203
0.0
0.0
0.0
0.0
0.0
0.37879518072289153
0.0
0.0
0.0
0.0
0.0
0.4192771084337349
0.0
0.0
0.0
0.0
0.0
0.0
0.31182444061962133
0.3701823165678587
0.0
0.0
0.34555580813821324
0.0
0.0
0.0
0.0
0.0
0.0
0.0
0.3453233988585922
0.0
0.0
0.0
0.0
0.0
0.0
0.0
0.3419833178869323
0.35302790107799614
0.0
0.0
0.0
0.0
0.0
0.0
0.350523834468308
0.0
0.0
0.0
0.0
0.0
0.0
0.0
0.0
0.0
0.3369786839666357
0.32423162035898695
0.0
0.0
0.0
0.0
0.0
0.0
0.0
0.0
0.0
0.0
0.0
0.0
0.3320294692282644
0.0
0.0
0.0
0.3236620902213505
0.341903206044517
0.34527484939759034
0.0
0.0
0.0
0.0
0.0
0.0
0.2738773274917853
0.34941557273871604
0.33308619091751623
0.0
0.4915662650602409
0.3772590361445783
0.36148594377510035
0.0
0.3036867469879518
0.34009036144578314
0.0
0.0
0.0
0.0
0.0
0.34643792561550546
0.3431837848632097
0.3496234939759036
0.0
0.0
0.0
0.0
0.0
0.3541382922996333
0.0
0.3548518397915988
0.3409491625036732
0.3455556267623686
0.3453694295253302
0.33884943748503943
0.3677371138690098
0.35527564804673234
0.3035421686746988
0.31288379323746596
0.3138322520852641
0.34394797733982285
0.3370649263721553
0.33625753012048193
0.3696074621064905
0.0
0.33349397590361446
0.0
0.3463855421686747
0.0
0.28766832034018425
0.2907573149741824
0.0
0.0
0.0
0.3278693722257451
0.0
0.3636201424307979
0.3299483648881239
0.0
0.0
0.0
0.0
0.0
0.0
0.0
0.0
0.0
0.2945137693631669
0.30049288061336255
0.0
0.0
0.0
0.3418725750459465
0.0
0.0
0.3469879518072289
0.3428886276814575
0.0
0.0
0.0
0.0
0.0
0.0
0.0
0.0
0.0
0.0
0.33030583873957364
0.0
0.0
0.0
0.34100335769306733
0.0
0.0
0.0
0.0
0.0
0.0
0.0
0.0
0.0
0.0
0.0
0.0
0.0
0.33433734939759036
0.31987951807228915
0.0
0.3759036144578313
0.3755509844255069
0.0
0.0
0.0
0.0
0.0
0.0
0.0
0.0
0.0
0.0
0.0
0.0
0.3180722891566265
0.0
0.3726764199655766
0.3805038335158817
0.0
0.0
0.0
0.0
0.0
0.0
0.0
0.0
0.0
0.0
0.0
0.0
0.0
0.0
0.0
0.0
0.3543163479606499
0.0
0.0
0.0
0.0
0.0
0.0
0.0
0.0
0.0
0.0
0.0
0.35409223099293724
0.0
0.0
0.0
0.0
0.0
0.0
0.0
0.0
0.0
0.0
0.0
0.0
0.0
0.3537403344722172
0.35799561883899234
0.3476830398517145
0.36153394064061123
0.39381161007667026
0.0
0.0
0.0
0.0
0.0
0.0
0.0
0.0
0.0
0.3621029572836802
0.0
0.0
0.0
0.38798424467099163
0.37674476708678023
0.0
0.0
0.38861445783132526
0.4077064354980899
0.0
0.0
0.0
0.0
0.0
0.40465498357064617
0.0
0.0
0.0
0.0
0.0
0.37704295442640123
0.0
0.0
0.0
0.0
0.0
0.0
0.2618473895582329
0.2904034406858202
0.0
0.0
0.2967552026286966
0.0
0.0
0.0
0.0
0.0
0.0
0.0
0.26228138359891173
0.0
0.0
0.0
0.0
0.0
0.0
0.0
0.23566265060240962
0.27771084337349394
0.0
0.0
0.0
0.0
0.0
0.0
0.2538382099827883
0.0
0.0
0.0
0.0
0.0
0.0
0.0
0.0
0.0
0.22886089813800656
0.23887550200803212
0.0
0.0
0.0
0.0
0.0
0.0
0.0
0.0
0.0
0.0
0.0
0.0
0.2663403614457831
0.0
0.0
0.0
0.3427385216541843
0.32753012048192764
0.33365009333107076
0.0
0.0
0.0
0.0
0.0
0.24849397590361444
0.24216867469879516
0.251184282584885
0.22248995983935743
0.0
0.3872824631860776
0.35231452124286616
0.335032437442076
0.0
0.2830249569707401
0.32958758109360514
0.0
0.0
0.0
0.0
0.0
0.26316992106356457
0.24567323347443829
0.2256993190151912
0.0
0.0
0.0
0.0
0.0
0.34378227194492256
0.0
0.36829422954977803
0.3275792244608687
0.2572433966635774
0.2831783656364589
0.25527314738405676
0.28761387011460476
0.27378657487091224
0.0
0.23190827827438784
0.231441896618733
0.2666265060240964
0.2870865279299014
0.2581268470106842
0.22213643305616831
0.0
0.43413654618473896
0.375
0.4016645529486366
0.0
0.3794411689310433
0.3588739573679332
0.0
0.0
0.0
0.21036144578313254
0.0
0.31539817807816634
0.22399598393574296
0.0
0.0
0.4028313253012048
0.6404819277108433
0.0
0.0
0.0
0.0
0.0
0.2824592487597448
0.28864027538726333
0.0
0.0
0.0
0.0
0.0
0.0
0.0
0.23850537284272222
0.0
0.0
0.0
0.0
0.0
0.0
0.3265060240963855
0.0
0.0
0.0
0.19463209982788293
0.0
0.0
0.0
0.2448651749856569
0.0
0.0
0.0
0.0
0.0
0.0
0.23103994927076726
0.21943563728598603
0.0
0.0
0.0
0.0
0.0
0.20463392029657088
0.2028614457831325
0.0
0.25447504302925983
0.2419104991394148
0.0
0.0
0.0
0.0
0.0
0.0
0.0
0.0
0.2295180722891566
0.0
0.0
0.0
0.1952390205985231
0.0
0.0
0.26116900032562684
0.0
0.0
0.0
0.0
0.0
0.0
0.0
0.0
0.0
0.0
0.0
0.0
0.0
0.1990232775763247
0.0
0.0
0.2608776013143483
0.0
0.0
0.0
0.0
0.0
0.0
0.0
0.0
0.0
0.0
0.0
0.2486968281288419
0.0
0.0
0.0
0.0
0.0
0.0
0.0
0.0
0.0
0.0
0.0
0.2221128416103438
0.0
0.2502077274615704
0.2575301204819277
0.24070030120481925
0.24931153184165233
0.30288027108433735
0.0
0.0
0.0
0.24739672977624783
0.0
0.0
0.0
0.0
0.0
0.0
0.0
0.0
0.0
0.26102409638554214
0.27043646283246187
0.0
0.0
0.0
0.0
0.0
0.0
0.0
0.0
0.0
0.0
0.0
0.0
0.0
0.0
0.0
0.0
0.0
0.0
0.0
0.0
0.0
0.0
0.23503487634749523
0.243137768465165
0.0
0.0
0.23372093023255813
0.0
0.0
0.0
0.0
0.0
0.0
0.0
0.24767441860465111
0.0
0.0
0.0
0.0
0.0
0.0
0.0
0.0
0.2609802847754655
0.0
0.0
0.0
0.0
0.0
0.0
0.41466555878687156
0.0
0.0
0.0
0.0
0.0
0.0
0.0
0.0
0.0
0.0
0.0
0.0
0.0
0.0
0.0
0.0
0.0
0.0
0.0
0.0
0.0
0.0
0.0
0.3142771084337349
0.0
0.0
0.0
0.41804490690032853
0.3767286537454164
0.3769156626506024
0.0
0.0
0.0
0.0
0.0
0.0
0.0
0.2891566265060241
0.2891566265060241
0.0
0.5694939759036144
0.42196591243020865
0.4481927710843373
0.0
0.39891566265060235
0.3976656626506024
0.0
0.0
0.0
0.0
0.0
0.47546549835706453
0.422776560788609
0.0
0.0
0.0
0.0
0.0
0.0
0.39678186429930246
0.0
0.48734939759036144
0.3971762048192771
0.44131015078277175
0.4465310908061777
0.4913403614457831
0.5012428354193472
0.5134129438106408
0.0
0.4403066812705366
0.3295327652071701
0.327026286966046
0.4153614457831325
0.4443225733121164
0.24244670991658943
0.0
0.5786144578313253
0.571640407784986
0.5314698795180722
0.0
0.0
0.0
0.0
0.0
0.0
0.23436905516804055
0.0
0.5841742817182316
0.463975516212761
0.0
0.0
0.5692771084337349
0.5801204819277108
0.0
0.0
0.0
0.0
0.0
0.0
0.0
0.0
0.0
0.0
0.258433734939759
0.0
0.5335118250780901
0.0
0.0
0.0
0.0
0.0
0.0
0.0
0.0
0.35240963855421686
0.0
0.0
0.0
0.26137048192771084
0.0
0.0
0.0
0.23817771084337347
0.0
0.0
0.0
0.0
0.0
0.0
0.0
0.3795180722891566
0.34879518072289156
0.0
0.0
0.0
0.0
0.0
0.0
0.0
0.0
0.248002536461636
0.0
0.0
0.0
0.0
0.0
0.0
0.0
0.0
0.0
0.0
0.0
0.0
0.0
0.0
0.0
0.32228915662650603
0.0
0.0
0.0
0.0
0.0
0.0
0.0
0.0
0.0
0.0
0.0
0.0
0.0
0.0
0.0
0.0
0.2580722891566265
0.0
0.0
0.0
0.0
0.0
0.0
0.0
0.0
0.0
0.0
0.0
0.24849397590361444
0.0
0.0
0.0
0.0
0.0
0.0
0.0
0.0
0.0
0.0
0.0
0.0
0.0
0.0
0.0
0.42873030583873956
0.3086746987951807
0.0
0.0
0.0
0.0
0.0
0.0
0.0
0.0
0.0
0.0
0.0
0.0
0.0
0.0
0.2966187329965021
0.2746676360614873
0.0
0.0
0.0
0.0
0.0
0.0
0.0
0.0
0.0
0.0
0.0
0.0
0.0
0.0
0.0
0.0
0.0
0.0
0.0
0.0
0.0
0.0
0.43593733534721973
0.4530923131516247
0.0
0.0
0.5099397590361445
0.0
0.0
0.0
0.0
0.0
0.0
0.0
0.5272474513438368
0.0
0.0
0.0
0.0
0.0
0.0
0.0
0.4676850258175559
0.509868774460901
0.0
0.0
0.0
0.0
0.0
0.0
0.49141704432408534
0.0
0.0
0.0
0.0
0.0
0.0
0.0
0.0
0.0
0.4543095458758109
0.46907102092580844
0.0
0.0
0.0
0.0
0.0
0.0
0.0
0.0
0.0
0.0
0.0
0.0
0.4679442178161465
0.0
0.0
0.0
0.24669912526819607
0.23831775700934577
0.2527160908442131
0.0
0.0
0.0
0.0
0.0
0.40060240963855415
0.448715916296766
0.48700063411540895
0.4824397590361445
0.0
0.4484708063021316
0.25411778693722253
0.2641743444365698
0.0
0.2607320586694604
0.2652545666537116
0.0
0.0
0.0
0.0
0.0
0.40801668211306763
0.4171142400929017
0.5075943116729212
0.0
0.0
0.0
0.0
0.0
0.2737634749524413
0.0
0.38671382778821706
0.36876121507305815
0.3513642806520198
0.3498423104181432
0.3608479028897545
0.3471130676552363
0.45758779800051264
0.512289156626506
0.5401267407291503
0.49841652323580027
0.3967777148863912
0.36649953105836514
0.43707136237256716
0.0
0.0
0.34380972164520146
0.3682123844214065
0.3651218510405257
0.0
0.2800913330742324
0.3593481067125645
0.0
0.0
0.0
0.0
0.0
0.6653981780781663
0.5628091312618897
0.0
0.0
0.36927710843373496
0.3798192771084337
0.0
0.0
0.0
0.0
0.0
0.32476616994292956
0.3529743975903614
0.0
0.0
0.0
0.0
0.0
0.3883648881239242
0.0
0.0
0.5173493975903614
0.5588229842446709
0.0
0.0
0.0
0.0
0.2969879518072289
0.0
0.0
0.0
0.0
0.0
0.3905622489959839
0.3352409638554217
0.45065717415115003
0.0
0.4590361445783132
0.0
0.0
0.0
0.0
0.2993428258488499
0.3349397590361446
0.2864457831325301
0.0
0.0
0.0
0.0
0.0
0.0
0.0
0.4404029912754466
0.4653614457831325
0.0
0.4432530120481928
0.0
0.0
0.0
0.0
0.0
0.0
0.2575301204819277
0.0
0.0
0.0
0.0
0.0
0.0
0.46292863762743275
0.0
0.0
0.0
0.6909036144578313
0.4570281124497992
0.0
0.0
0.0
0.0
0.0
0.0
0.0
0.0
0.0
0.0
0.0
0.0
0.0
0.0
0.0
0.0
0.34623493975903613
0.0
0.0
0.0
0.0
0.0
0.0
0.4914401793219389
0.0
0.0
0.4265060240963855
0.42469879518072284
0.0
0.0
0.0
0.5290424857324033
0.0
0.0
0.0
0.0
0.0
0.5637164040778498
0.5103748326639892
0.0
0.4548433734939759
0.4641700560202594
0.0
0.45278035217794255
0.0
0.7711417096959265
0.0
0.0
0.0
0.0
0.0
0.0
0.0
0.0
0.0
0.6585114652157015
0.6051374035467714
0.0
0.0
0.0
0.0
0.0
0.0
0.0
0.0
0.0
0.0
0.0
0.0
0.0
0.0
0.0
0.0
0.0
0.0
0.0
0.0
0.0
0.0
0.8121686746987951
0.5985326627611363
0.0
0.0
0.7305102763997164
0.0
0.0
0.0
0.0
0.0
0.0
0.0
0.5785049288061336
0.0
0.0
0.0
0.0
0.0
0.0
0.0
0.5674698795180723
0.5656626506024096
0.0
0.0
0.0
0.0
0.0
0.0
0.5882271944922547
0.0
0.0
0.0
0.0
0.0
0.0
0.0
0.0
0.0
0.74571972098922
0.6708691910499139
0.0
0.0
0.0
0.0
0.0
0.0
0.0
0.0
0.0
0.0
0.0
0.0
0.6623493975903614
0.0
0.0
0.0
0.3213116617413048
0.31729138777331545
0.32365759333630817
0.0
0.0
0.0
0.0
0.0
0.6115662650602409
0.5956246036778693
0.6018072289156626
0.5493975903614458
0.0
0.3458132530120482
0.3315103991384532
0.32958500669344043
0.0
0.34049322289156625
0.31528248918002105
0.0
0.0
0.0
0.0
0.0
0.5388554216867469
0.5227168214844109
0.6276731927710842
0.0
0.0
0.0
0.0
0.0
0.32026056031354333
0.0
0.38070314043057474
0.40476034573074904
0.34724096385542164
0.34376171352074963
0.5211081951568651
0.3458978772231784
0.363015813253012
0.0
0.0
0.0
0.3238082765845992
0.32813055500691285
0.3472037403344722
0.0
0.0
0.39165232358003443
0.4820722891566265
0.3597850862911104
0.0
0.33125183661475166
0.3109419496166484
0.0
0.0
0.0
0.4304347826086956
0.0
0.5519847812301838
0.5630893137768465
0.0
0.5800075301204819
0.49403066812705365
0.5820406626506024
0.0
0.0
0.0
0.0
0.0
0.3413708889612504
0.3317168674698795
0.0
0.0
0.0
0.3932013769363167
0.0
0.0
0.0
0.4712938711367208
0.4985128012048192
0.0
0.0
0.0
0.0
0.0
0.0
0.0
0.0
0.0
0.0
0.0
0.0
0.0
0.457078313253012
0.0
0.0
0.0
0.0
0.0
0.0
0.5595632530120481
0.0
0.0
0.0
0.0
0.0
0.0
0.0
0.0
0.0
0.0
0.0
0.0
0.0
0.0
0.0
0.0
0.0
0.0
0.0
0.0
0.0
0.0
0.0
0.0
0.0
0.0
0.0
0.0
0.0
0.0
0.0
0.0
0.0
0.0
0.0
0.0
0.0
0.0
0.0
0.0
0.518222891566265
0.0
0.0
0.6286897590361445
0.0
0.0
0.0
0.0
0.0
0.0
0.0
0.0
0.0
0.0
0.0
0.6274698795180722
0.0
0.0
0.0
0.0
0.0
0.0
0.0
0.0
0.0
0.0
0.0
0.0
0.0
0.0
0.0
0.0
0.0
0.0
0.0
0.0
0.0
0.0
0.0
0.0
0.0
0.0
0.0
0.0
0.0
0.0
0.0
0.7019076305220884
0.7122489959839357
0.0
0.0
0.7128227194492255
0.6986746987951807
0.0
0.0
0.0
0.0
0.0
0.6987951807228916
0.0
0.0
0.0
0.0
0.0
0.0
0.0
0.0
0.0
0.0
0.0
0.0
0.5621695738176586
0.674916510794908
0.0
0.0
0.5447053273334301
0.0
0.0
0.0
0.0
0.0
0.0
0.0
0.6119934282584885
0.0
0.0
0.0
0.0
0.0
0.0
0.0
0.6709122203098107
0.6832348260968402
0.0
0.0
0.0
0.0
0.0
0.0
0.6757367933271546
0.0
0.0
0.0
0.0
0.0
0.0
0.0
0.0
0.0
0.6056997219647822
0.663229232720355
0.0
0.0
0.0
0.0
0.0
0.0
0.0
0.0
0.0
0.0
0.0
0.0
0.6015874308042982
0.0
0.0
0.0
0.4562248995983936
0.4635066582117945
0.48715381004537633
0.0
0.0
0.0
0.0
0.0
0.7471887550200803
0.6259036144578313
0.6071726907630521
0.6669769989047097
0.0
0.5051496307811892
0.4854112100576218
0.4633456904541241
0.0
0.47669138090824836
0.3713462545835516
0.0
0.0
0.0
0.0
0.0
0.6490361445783132
0.5595542168674699
0.5552796090020459
0.0
0.0
0.0
0.0
0.0
0.4130271084337349
0.0
0.4733810240963855
0.5327827438787407
0.5461504554804584
0.5581867844046995
0.5927796901893286
0.5045768732299716
0.4526645041705282
0.4905120481927711
0.45945783132530116
0.5608003442340791
0.49795958025650994
0.5209748083242058
0.49519745649263713
0.5510299261562378
0.0
0.4985370051635111
0.5662115752730548
0.4649563772330702
0.0
0.5183026222537208
0.5118280815569972
0.0
0.0
0.0
0.0
0.0
0.5092203726951106
0.5996637713645279
0.0
0.0
0.5446987951807228
0.5678850537284272
0.0
0.0
0.0
0.0
0.0
0.48440428380187406
0.4911359724612736
0.0
0.0
0.0
0.0
0.0
0.500041545492314
0.6
0.5415281378679274
0.0
0.7270414993306559
0.0
0.0
0.0
0.0
0.5180722891566265
0.0
0.0
0.0
0.0
0.0
0.0
0.0
0.5351118760757314
0.0
0.6385285824147654
0.0
0.0
0.0
0.0
0.6282205746061168
0.6013143483023001
0.42601314348302294
0.0
0.0
0.0
0.0
0.0
0.0
0.0
0.5692771084337349
0.5274586718968898
0.0
0.6130256876562855
0.6750922055569215
0.671566265060241
0.0
0.0
0.0
0.0
0.6460843373493975
0.0
0.0
0.0
0.0
0.0
0.5746987951807229
0.5647878136750825
0.0
0.0
0.0
0.6697868396663578
0.7052300109529025
0.0
0.0
0.0
0.0
0.0
0.0
0.0
0.0
0.35262650602409634
0.0
0.0
0.5629060545981394
0.0
0.0
0.0
0.0
0.6763480150108631
0.6524096385542169
0.0
0.0
0.0
0.0
0.0
0.6377863566943831
0.0
0.0
0.6117469879518072
0.6126506024096385
0.0
0.0
0.0
0.0
0.0
0.0
0.0
0.35554216867469873
0.0
0.6554764512595838
0.6822015334063527
0.7763855421686747
0.6961117196056955
0.6882600168114317
0.0
0.0
0.0
0.5686897590361446
0.0
0.0
0.0
0.0
0.0
0.5140791738382099
0.0
0.0
0.0
0.7097775718257645
0.7027538726333906
0.0
0.0
0.7163855421686746
0.6675332910589726
0.0
0.0
0.0
0.0
0.0
0.5436978683966636
0.0
0.0
0.0
0.0
0.0
0.555883025773982
0.0
0.0
0.0
0.0
0.0
0.0
0.3490533562822719
0.36722415979708306
0.0
0.0
0.3578982597054886
0.0
0.0
0.0
0.0
0.0
0.0
0.0
0.29216867469879515
0.0
0.0
0.0
0.0
0.0
0.0
0.0
0.3209425939050319
0.30549397590361443
0.0
0.0
0.0
0.0
0.0
0.0
0.3614457831325301
0.0
0.0
0.0
0.0
0.0
0.0
0.0
0.0
0.0
0.31144578313253013
0.3072289156626506
0.0
0.0
0.0
0.0
0.0
0.0
0.0
0.0
0.0
0.0
0.0
0.0
0.3539253789350952
0.0
0.0
0.0
0.3491107286288009
0.3350930996714129
0.32851405622489954
0.0
0.0
0.0
0.0
0.0
0.0
0.0
0.35374832663989286
0.0
0.0
0.4795368975903614
0.35444090411231705
0.35481927710843375
0.0
0.36871196124705
0.3071455050973123
0.0
0.0
0.0
0.0
0.0
0.3289156626506024
0.3281665522192396
0.3806024096385542
0.0
0.0
0.0
0.0
0.0
0.28863656063101323
0.0
0.3412787513691128
0.35516492198301397
0.3200072374302865
0.34806991122384273
0.3395162740514296
0.3478797543113631
0.36374218679228193
0.23921139101861993
0.0
0.2247590361445783
0.2853719224724987
0.3369257675864749
0.35244439295644114
0.28654618473895577
0.0
0.4615739553960523
0.44499631177772314
0.43447525039918705
0.0
0.2805133577789418
0.28330851495871123
0.0
0.0
0.0
0.0
0.0
0.0
0.0
0.0
0.0
0.4309419496166484
0.39898213543830496
0.0
0.0
0.0
0.0
0.0
0.2645625982189628
0.2751350228500207
0.0
0.0
0.0
0.0
0.0
0.0
0.0
0.36234939759036144
0.0
0.3922218284904323
0.0
0.0
0.0
0.0
0.0
0.0
0.0
0.0
0.0
0.0
0.0
0.0
0.3962516733601071
0.0
0.37883575116793705
0.0
0.0
0.0
0.0
0.0
0.0
0.0
0.0
0.0
0.0
0.0
0.0
0.0
0.0
0.3381267003497862
0.3861822289156626
0.0
0.361039156626506
0.37097480832420593
0.0
0.0
0.0
0.0
0.0
0.0
0.0
0.0
0.0
0.0
0.0
0.3352409638554217
0.3832771084337349
0.0
0.0
0.0
0.48867469879518066
0.4838855421686747
0.0
0.0
0.0
0.0
0.0
0.0
0.0
0.0
0.0
0.0
0.0
0.40284960064979014
0.0
0.0
0.0
0.0
0.0
0.0
0.0
0.0
0.0
0.0
0.0
0.5239050318922749
0.0
0.0
0.0
0.0
0.0
0.0
0.0
0.0
0.0
0.0
0.0
0.0
0.0
0.39466510108229524
0.3282778171509568
0.31849257495096667
0.3140407784986098
0.42643515237420265
0.0
0.0
0.0
0.0
0.0
0.0
0.0
0.0
0.0
0.2929101019462465
0.0
0.0
0.0
0.4909275031159118
0.46851754845468824
0.0
0.0
0.3557228915662651
0.0
0.0
0.0
0.0
0.0
0.0
0.3728418528482863
0.0
0.0
0.0
0.0
0.0
0.3754216867469879
0.0
0.0
0.0
0.0
0.0
0.0
0.2968373493975903
0.32513605335178836
0.0
0.0
0.30276049251952863
0.0
0.0
0.0
0.0
0.0
0.0
0.0
0.33640275387263335
0.0
0.0
0.0
0.0
0.0
0.0
0.0
0.2616867469879518
0.3499674373168349
0.0
0.3280120481927711
0.0
0.0
0.0
0.0
0.3228206945428774
0.0
0.0
0.0
0.0
0.0
0.33168811610076665
0.0
0.0
0.0
0.2987634749524413
0.25094664371772807
0.0
0.0
0.0
0.0
0.0
0.0
0.0
0.0
0.0
0.0
0.0
0.0
0.3530934549006838
0.0
0.0
0.0
0.3514571800716379
0.3527869720640805
0.3586613897450266
0.0
0.0
0.0
0.0
0.0
0.0
0.35965699532825174
0.33852683461117195
0.37831325301204816
0.0
0.4776157260621433
0.39108433734939757
0.3805038335158817
0.0
0.2832185886402754
0.32956887792132383
0.0
0.0
0.0
0.0
0.0
0.421566265060241
0.37868608580664115
0.38475280432073117
0.0
0.0
0.0
0.0
0.0
0.3290230227842061
0.0
0.3555180722891566
0.3693027428864394
0.42247761997711514
0.41718072289156627
0.41269643792561544
0.49626856942332437
0.49239880871801806
0.30950759559979046
0.3178141135972461
0.0
0.33590678503487637
0.3346197289156626
0.4901126244106862
0.0
0.0
0.47168674698795177
0.46357863887984363
0.5039277108433734
0.0
0.4350492880613362
0.3888851179365348
0.0
0.0
0.0
0.32133411695562736
0.0
0.6172877556738582
0.0
0.0
0.0
0.49307228915662643
0.4798192771084337
0.0
0.0
0.0
0.0
0.0
0.42094259390503186
0.41767068273092367
0.0
0.0
0.0
0.2949446434386193
0.0
0.5550864326872708
0.0
0.0
0.0
0.0
0.0
0.0
0.0
0.0
0.30496987951807225
0.0
0.0
0.0
0.26902783547985043
0.0
0.0
0.0
0.3199397590361446
0.0
0.0
0.0
0.0
0.0
0.0
0.3263052208835341
0.33943044906900327
0.0
0.0
0.0
0.0
0.0
0.2944997380827658
0.0
0.0
0.3553290083410565
0.0
0.0
0.0
0.0
0.0
0.0
0.0
0.0
0.0
0.32228915662650603
0.0
0.0
0.0
0.0
0.0
0.0
0.0
0.0
0.0
0.0
0.0
0.0
0.0
0.0
0.0
0.0
0.0
0.0
0.0
0.0
0.30396759451599503
0.0
0.0
0.2927710843373494
0.0
0.0
0.0
0.0
0.0
0.0
0.0
0.0
0.0
0.0
0.0
0.2962048192771084
0.0
0.0
0.0
0.0
0.0
0.0
0.0
0.0
0.0
0.0
0.0
0.3326766525561706
0.0
0.2886276814575375
0.0
0.0
0.3571536144578313
0.337263339070568
0.0
0.0
0.0
0.2915011396939107
0.0
0.0
0.0
0.0
0.0
0.30918995129453986
0.0
0.0
0.0
0.38523282318463037
0.40722891566265057
0.0
0.0
0.37383820998278827
0.31563948100092676
0.0
0.0
0.0
0.0
0.0
0.3637317928430138
0.0
0.0
0.0
0.0
0.0
0.3375398653437278
0.0
0.0
0.0
0.0
0.0
0.0
0.4438861830299923
0.4451904983015225
0.7792518912860745
0.6408132530120482
0.49465673344264627
0.0
0.0
0.0
0.0
0.0
0.45361445783132526
0.0
0.5083333333333333
0.0
0.0
0.0
0.0
0.0
0.4228915662650602
0.4408509036144578
0.0
0.46397590361445784
0.0
0.0
0.0
0.0
0.0
0.0
0.49757682415053467
0.0
0.0
0.0
0.0
0.0
0.0
0.0
0.5114457831325301
0.5265436746987951
0.43626506024096384
0.4384124734231042
0.0
0.0
0.0
0.0
0.0
0.0
0.0
0.0
0.0
0.0
0.41852059400392266
0.0
0.4558009817045961
0.0
0.0
0.0
0.418145107904144
0.4024715685170589
0.3971218206157965
0.0
0.0
0.0
0.0
0.0
0.44277108433734935
0.39255593803786576
0.4192771084337349
0.46920180722891563
0.0
0.4180722891566265
0.41420623671155204
0.4235180722891566
0.0
0.389683734939759
0.41113768049296423
0.0
0.0
0.0
0.0
0.0
0.4156626506024096
0.4297574225473321
0.45805507745266777
0.0
0.0
0.0
0.0
0.0
0.40959863550587894
0.0
0.4134511731135066
0.4291672183238448
0.4276898899947616
0.4297246127366609
0.4020127569099929
0.39240376138701144
0.3895947426067908
0.38915662650602406
0.3926024096385542
0.40619621342512907
0.37680451535873216
0.3831140890090976
0.39356450191007936
0.42496606142881377
0.0
0.4342910101946246
0.41175698052875004
0.3707142857142857
0.0
0.4296627558268006
0.42751160283155965
0.0
0.0
0.0
0.3295728368017525
0.0
0.3423795180722891
0.3702326547569588
0.0
0.0
0.36722891566265053
0.37283132530120483
0.0
0.0
0.0
0.0
0.0
0.47123493975903613
0.4127774254914394
0.0
0.0
0.0
0.297472703313253
0.3225903614457831
0.3232680722891566
0.4554216867469879
0.4292400370713624
0.0
0.41243154435925516
0.0
0.0
0.0
0.0
0.6316265060240963
0.0
0.0
0.0
0.3694225176568342
0.3825301204819277
0.0
0.0
0.4366922234392113
0.0
0.4195180722891566
0.0
0.0
0.0
0.0
0.0
0.4933734939759036
0.5198364888123924
0.0
0.0
0.0
0.0
0.3377093740816926
0.0
0.0
0.34927710843373494
0.4123924268502582
0.0
0.38487025023169597
0.32423812898653437
0.31144578313253013
0.0
0.0
0.0
0.0
0.0
0.0
0.0
0.0
0.0
0.0
0.0
0.41864047097480833
0.0
0.0
0.0
0.3264705882352941
0.4156626506024096
0.0
0.0
0.0
0.0
0.0
0.0
0.0
0.0
0.33334868887313956
0.0
0.0
0.3842435315030614
0.0
0.0
0.0
0.0
0.3913734939759036
0.0
0.0
0.0
0.0
0.0
0.0
0.41060240963855416
0.0
0.0
0.0
0.0
0.0
0.0
0.0
0.0
0.0
0.0
0.0
0.3879329819277108
0.0
0.4230321285140562
0.5085197934595526
0.4933734939759036
0.46698795180722885
0.4957831325301204
0.0
0.0
0.0
0.0
0.0
0.0
0.0
0.0
0.0
0.4061071873701703
0.0
0.0
0.0
0.44000580635796194
0.44872380517329985
0.0
0.0
0.4103614457831325
0.4076341730558598
0.0
0.0
0.0
0.0
0.0
0.48878370625358575
0.0
0.0
0.0
0.0
0.0
0.5055312157721796
0.0
0.0
0.0
0.0
0.0
0.0
0.47419678714859437
0.467394578313253
0.0
0.0
0.5363926293408929
0.0
0.0
0.0
0.0
0.0
0.0
0.0
0.672289156626506
0.0
0.0
0.0
0.0
0.0
0.0
0.0
0.5240380878352118
0.5487550200803213
0.0
0.0
0.0
0.0
0.0
0.0
0.5809475188891157
0.0
0.0
0.0
0.0
0.0
0.0
0.0
0.0
0.0
0.661566265060241
0.6531047265987024
0.0
0.0
0.0
0.0
0.0
0.0
0.0
0.0
0.0
0.0
0.0
0.0
0.6659418160446664
0.0
0.0
0.0
0.0
0.0
0.31441580274586717
0.0
0.0
0.0
0.0
0.0
0.0
0.6422547332185886
0.6529969879518072
0.6593373493975903
0.0
0.3499246987951807
0.0
0.0
0.0
0.3152792990142388
0.32028112449799195
0.0
0.0
0.0
0.0
0.0
0.3325301204819277
0.5673656163113994
0.6599239061509193
0.0
0.0
0.0
0.0
0.0
0.3243684415079673
0.0
0.35342620481927706
0.35977757182576453
0.3865501610402004
0.41748920816957663
0.5137732749178532
0.33852409638554215
0.3105045180722891
0.0
0.0
0.0
0.3417349397590361
0.35016162209814866
0.35271084337349395
0.0
0.0
0.0
0.45564759036144575
0.3196536144578313
0.0
0.0
0.0
0.0
0.0
0.0
0.0
0.0
0.45102117779774514
0.520756901479793
0.0
0.0
0.505421686746988
0.5049561883899233
0.0
0.0
0.0
0.0
0.0
0.0
0.0
0.0
0.0
0.0
0.0
0.0
0.6226598702502316
0.0
0.0
0.0
0.0
0.0
0.0
0.0
0.0
0.0
0.0
0.0
0.0
0.0
0.0
0.0
0.0
0.0
0.0
0.5742817423540315
0.0
0.0
0.0
0.0
0.0
0.0
0.0
0.0
0.0
0.0
0.0
0.0
0.0
0.0
0.0
0.6240963855421686
0.0
0.0
0.0
0.0
0.0
0.0
0.0
0.0
0.0
0.0
0.0
0.0
0.0
0.0
0.0
0.5576772205099467
0.0
0.0
0.0
0.0
0.0
0.0
0.0
0.0
0.0
0.0
0.0
0.0
0.0
0.0
0.0
0.0
0.5881064799739498
0.0
0.0
0.0
0.0
0.5656626506024096
0.5708584337349397
0.0
0.0
0.0
0.0
0.0
0.5969716704656464
0.0
0.0
0.6198795180722891
0.719578313253012
0.0
0.5846385542168674
0.0
0.0
0.0
0.0
0.0
0.0
0.0
0.6265562248995984
0.7052273610571318
0.722133696074621
0.7343727852586818
0.5929806181246725
0.0
0.0
0.0
0.0
0.0
0.0
0.0
0.0
0.0
0.5207831325301204
0.0
0.0
0.0
0.547012048192771
0.5366700845936938
0.0
0.0
0.0
0.0
0.0
0.0
0.0
0.0
0.0
0.0
0.0
0.0
0.0
0.0
0.0
0.0
0.0
0.0
0.0
0.0
0.0
0.0
0.5783132530120482
0.5271084337349398
0.0
0.0
0.48231325301204814
0.0
0.0
0.0
0.0
0.0
0.0
0.0
0.5312902093812141
0.0
0.0
0.0
0.0
0.0
0.0
0.0
0.5193647316538882
0.0
0.0
0.0
0.0
0.0
0.0
0.5189759036144578
0.5205588310689567
0.0
0.0
0.0
0.0
0.0
0.0
0.0
0.0
0.0
0.47330374128091307
0.0
0.0
0.0
0.0
0.0
0.0
0.0
0.0
0.0
0.0
0.0
0.0
0.44638554216867465
0.0
0.0
0.0
0.0
0.0
0.0
0.0
0.0
0.0
0.0
0.0
0.4660843373493975
0.47783132530120476
0.4580352177942539
0.0
0.0
0.0
0.0
0.0
0.0
0.480722891566265
0.4771631982475355
0.0
0.4720481927710843
0.5741487689889995
0.5951807228915662
0.4404819277108433
0.43554216867469875
0.4544002095337873
0.0
0.0
0.0
0.47590361445783125
0.0
0.0
0.0
0.4288192771084337
0.0
0.5345389927912486
0.5389544443869899
0.46596385542168667
0.5480832420591456
0.0
0.0
0.0
0.0
0.0
0.0
0.43802710843373494
0.0
0.0
0.4750602409638554
0.4879518072289156
0.5385542168674698
0.47819277108433733
0.0
0.0
0.49759036144578306
0.0
0.0
0.0
0.0
0.0
0.0
0.0
0.0
0.0
0.0
0.0
0.0
0.0
0.0
0.0
0.4581325301204819
0.0
0.0
0.0
0.0
0.0
0.0
0.0
0.0
0.0
0.0
0.0
0.0
0.0
0.48930722891566264
0.48885542168674695
0.0
0.0
0.0
0.0
0.0
0.0
0.4607172877556738
0.0
0.0
0.0
0.5099999999999999
0.0
0.0
0.45367371123839617
0.45706462212486304
0.0
0.0
0.0
0.0
0.0
0.0
0.0
0.0
0.0
0.46596385542168667
0.46484012974976824
0.0
0.0
0.0
0.0
0.0
0.0
0.5518244406196213
0.5031325301204819
0.0
0.0
0.0
0.0
0.0
0.0
0.0
0.0
0.46023147708946016
0.0
0.4997683039851714
0.0
0.0
0.0
0.0
0.5219277108433735
0.4513206672845227
0.0
0.0
0.672289156626506
0.0
0.0
0.0
0.0
0.0
0.0
0.0
0.4951807228915662
0.0
0.0
0.0
0.0
0.0
0.0
0.0
0.5790681714198566
0.0
0.0
0.0
0.0
0.0
0.0
0.0
0.0
0.0
0.0
0.0
0.0
0.0
0.0
0.0
0.0
0.0
0.0
0.0
0.0
0.0
0.6304969879518072
0.0
0.0
0.5718944744495221
0.0
0.0
0.0
0.0
0.0
0.0
0.0
0.0
0.0
0.0
0.6578313253012048
0.0
0.0
0.0
0.0
0.0
0.0
0.0
0.0
0.0
0.0
0.0
0.0
0.0
0.0
0.0
0.0
0.0
0.0
0.0
0.0
0.0
0.0
0.0
0.0
0.5533630262104636
0.0
0.0
0.5422637920101457
0.6196385542168674
0.0
0.0
0.0
0.0
0.0
0.0
0.5651852693794044
0.0
0.0
0.0
0.0
0.0
0.0
0.0
0.5857304216867469
0.5403614457831325
0.0
0.0
0.0
0.0
0.0
0.5843373493975903
0.5610843373493976
0.0
0.0
0.0
0.0
0.0
0.0
0.0
0.0
0.5518072289156626
0.5467059728274801
0.0
0.0
0.0
0.0
0.0
0.0
0.0
0.0
0.0
0.0
0.0
0.5390562248995984
0.5854151742103549
0.0
0.0
0.0
0.0
0.0
0.0
0.0
0.0
0.0
0.0
0.0
0.7165662650602409
0.5184515841142348
0.5422916798082381
0.6194277108433734
0.0
0.0
0.0
0.0
0.5526678141135972
0.6877932783766645
0.6179384203480589
0.5663027108433735
0.5980798192771084
0.6473576122672507
0.5845473637669946
0.5712771084337349
0.6410054009140007
0.6011500547645126
0.0
0.0
0.0
0.522958500669344
0.5
0.0
0.0
0.49457831325301205
0.0
0.6784744612251823
0.600007143197295
0.5317771084337349
0.0
0.6008032128514056
0.5550084057158867
0.0
0.0
0.0
0.0
0.5067374762206721
0.5096385542168674
0.5705958971019212
0.0
0.5622489959839356
0.0
0.5787323205866945
0.5846385542168674
0.0
0.48313253012048185
0.0
0.0
0.0
0.0
0.4871611445783132
0.0
0.0
0.0
0.0
0.0
0.5395869191049913
0.5910499139414801
0.0
0.0
0.0
0.6075301204819277
0.6296385542168674
0.0
0.0
0.0
0.0
0.0
0.4874777799723483
0.0
0.0
0.0
0.6065479308538502
0.0
0.0
0.5143160878809354
0.0
0.0
0.0
0.0
0.0
0.0
0.0
0.4782423812898653
0.0
0.0
0.0
0.5725340924136104
0.0
0.0
0.515863453815261
0.5619091751621872
0.0
0.0
0.0
0.0
0.0
0.0
0.0
0.0
0.0
0.45361445783132526
0.4728402973596514
0.4750301204819277
0.0
0.561643124221022
0.5711318960050729
0.5563855421686746
0.5622839182818229
0.5680722891566264
0.5469879518072289
0.0
0.0
0.0
0.0
0.0
0.0
0.0
0.0
0.4955556666500025
0.0
0.4819277108433735
0.0
0.0
0.0
0.0
0.5690424033797528
0.5034054585689697
0.0
0.0
0.5022805507745267
0.0
0.0
0.0
0.0
0.0
0.0
0.0
0.48162650602409635
0.0
0.0
0.0
0.0
0.5809111445783132
0.5482447029497299
0.5965146299483648
0.5389008087143092
0.0
0.0
0.0
0.4826430722891566
0.0
0.0
0.0
0.0
0.5918143160878809
0.0
0.44478485370051635
0.4619277108433735
0.0
0.0
0.0
0.0
0.4990210843373494
0.0
0.0
0.0
0.0
0.6260882238631946
0.6061658398299079
0.4481927710843373
0.6196987951807228
0.0
0.0
0.0
0.0
0.0
0.0
0.0
0.0
0.0
0.0
0.6225428027901078
0.6088739573679333
0.0
0.0
0.0
0.0
0.0
0.0
0.0
0.0
0.0
0.0
0.0
0.0
0.0
0.0
0.0
0.0
0.0
0.0
0.0
0.0
0.0
0.0
0.0
0.4684065208201225
0.0
0.0
0.4145095201398417
0.39004252303330966
0.0
0.0
0.0
0.0
0.0
0.0
0.34728300958937786
0.0
0.0
0.0
0.0
0.0
0.0
0.0
0.4208707557502738
0.3857506950880445
0.0
0.0
0.0
0.0
0.0
0.3522289156626506
0.3503666841278156
0.0
0.0
0.0
0.0
0.0
0.0
0.0
0.0
0.36265060240963853
0.37032210474551264
0.0
0.0
0.0
0.0
0.0
0.0
0.0
0.0
0.0
0.0
0.45325301204819274
0.4012595837897042
0.38362000634115406
0.0
0.0
0.0
0.0
0.0
0.0
0.0
0.0
0.0
0.0
0.0
0.4748348231636222
0.47908777969018923
0.3710985116938341
0.36686746987951807
0.0
0.0
0.0
0.0
0.4151204819277108
0.4051899907321594
0.4009156626506024
0.4024559777571825
0.4253263052208835
0.4125237793278376
0.4617618013035749
0.3897590361445783
0.3923867885334441
0.4115127175368139
0.38168228469433285
0.0
0.0
0.4233433734939759
0.4192771084337349
0.0
0.0
0.0
0.0
0.3713855421686747
0.36895616838999384
0.0
0.0
0.0
0.37959133832627806
0.0
0.0
0.0
0.0
0.47168674698795177
0.0
0.0
0.0
0.5297439759036144
0.0
0.4153151065801668
0.39253012048192765
0.0
0.4029187401781037
0.0
0.0
0.0
0.0
0.4090361445783132
0.0
0.0
0.4897590361445783
0.49718875502008025
0.0
0.3932078313253012
0.42862951807228916
0.0
0.0
0.0
0.0
0.0
0.0
0.0
0.0
0.0
0.0
0.40954587581093604
0.0
0.0
0.5206462212486308
0.4397590361445783
0.0
0.0
0.45844531974050046
0.39149096385542165
0.0
0.0
0.0
0.0
0.0
0.0
0.46920180722891563
0.0
0.0
0.0
0.4041508499752434
0.0
0.0
0.4724840538625088
0.4048192771084337
0.3795180722891566
0.0
0.0
0.0
0.0
0.0
0.0
0.0
0.0
0.0
0.45552398272334615
0.0
0.0
0.45341139840259914
0.3659303882195448
0.38971600688468155
0.3735903614457831
0.37722891566265054
0.0
0.0
0.0
0.0
0.0
0.0
0.0
0.0
0.4478539156626506
0.4396729776247848
0.0
0.0
0.0
0.0
0.0
0.0
0.3960542168674699
0.44371315047423737
0.0
0.0
0.0
0.0
0.0
0.0
0.0
0.0
0.0
0.0
0.0
0.0
0.0
0.0
0.0
0.4226979345955249
0.42797188755020077
0.0
0.4471887550200803
0.0
0.0
0.0
0.0
0.0
0.0
0.0
0.0
0.4288039575520625
0.0
0.49486913169921065
0.0
0.0
0.0
0.0
0.0
0.0
0.0
0.0
0.0
0.0
0.48341668561036594
0.5138554216867469
0.0
0.4561746987951807
0.0
0.0
0.0
0.0
0.0
0.0
0.0
0.0
0.0
0.0
0.4191809792360933
0.44146726180487966
0.0
0.0
0.0
0.0
0.0
0.0
0.0
0.0
0.0
0.0
0.0
0.0
0.0
0.0
0.0
0.0
0.0
0.0
0.0
0.0
0.0
0.0
0.29432013769363163
0.3158641608688274
0.0
0.0
0.30192509167103193
0.31329066265060235
0.0
0.0
0.0
0.0
0.0
0.0
0.3501673360107095
0.0
0.0
0.0
0.0
0.0
0.0
0.0
0.28264219669375173
0.3049913941480206
0.0
0.0
0.0
0.0
0.0
0.3110076670317634
0.2903352540597171
0.0
0.0
0.0
0.0
0.0
0.0
0.0
0.0
0.31987951807228915
0.2989861886570673
0.0
0.0
0.0
0.0
0.0
0.0
0.0
0.0
0.0
0.0
0.0
0.0
0.3069565934972768
0.0
0.0
0.0
0.0
0.0
0.0
0.0
0.0
0.0
0.0
0.0
0.3713462545835516
0.39359543436905514
0.3036620164870006
0.0
0.0
0.0
0.0
0.0
0.36927710843373496
0.3740963855421687
0.35576592082616176
0.0
0.0
0.3604776247848537
0.33670481927710844
0.315526896317665
0.348302300109529
0.0
0.0
0.0
0.0
0.0
0.0
0.0
0.0
0.2716867469879518
0.0
0.3469879518072289
0.3537545530961053
0.3333734939759036
0.0
0.0
0.0
0.0
0.0
0.0
0.0
0.3179216867469879
0.0
0.0
0.0
0.3676204819277108
0.0
0.32677220509946764
0.0
0.0
0.0
0.0
0.0
0.0
0.0
0.0
0.0
0.0
0.0
0.0
0.0
0.3571084337349397
0.0
0.0
0.0
0.0
0.0
0.0
0.0
0.0
0.0
0.0
0.0
0.0
0.0
0.0
0.0
0.3429216867469879
0.35836286321757616
0.35344234079173836
0.0
0.0
0.0
0.0
0.0
0.0
0.0
0.0
0.0
0.0
0.0
0.0
0.3373493975903614
0.3470214190093708
0.0
0.0
0.0
0.0
0.0
0.0
0.0
0.0
0.0
0.0
0.0
0.0
0.0
0.27663066057332775
0.0
0.0
0.321815834767642
0.3545421686746988
0.0
0.0
0.0
0.0
0.0
0.0
0.0
0.0
0.0
0.0
0.0
0.0
0.29568028210402586
0.0
0.31626506024096385
0.35348058902275764
0.37550200803212846
0.0
0.0
0.3384036144578313
0.3806024096385542
0.0
0.0
0.0
0.0
0.0
0.0
0.0
0.0
0.0
0.0
0.3233037412809131
0.0
0.3916265060240963
0.0
0.0
0.0
0.3068926870271785
0.2900602409638554
0.29709024778358717
0.0
0.0
0.0
0.0
0.0
0.0
0.0
0.0
0.0
0.0
0.29159245678365636
0.0
0.3156626506024096
0.0
0.0
0.0
0.3150328587075575
0.37665662650602405
0.0
0.0
0.0
0.0
0.0
0.0
0.0
0.0
0.0
0.0
0.0
0.0
0.0
0.0
0.0
0.0
0.0
0.0
0.3785912882298424
0.0
0.0
0.0
0.0
0.0
0.0
0.0
0.0
0.0
0.0
0.0
0.0
0.0
0.0
0.0
0.0
0.0
0.0
0.0
0.0
0.0
0.0
0.29893209200438114
0.4297501023662105
0.0
0.0
0.4796735328410416
0.5377796901893287
0.0
0.0
0.0
0.0
0.0
0.0
0.4066736511262441
0.0
0.0
0.0
0.0
0.0
0.0
0.0
0.4207972075216755
0.46400952647800503
0.0
0.0
0.0
0.0
0.0
0.49437751004016056
0.4506475098253978
0.0
0.0
0.0
0.0
0.0
0.0
0.0
0.0
0.0
0.39902792990142383
0.0
0.0
0.0
0.0
0.0
0.0
0.0
0.0
0.0
0.0
0.3506024096385542
0.3418748163385248
0.4307898259705489
0.0
0.0
0.0
0.0
0.0
0.0
0.0
0.0
0.0
0.0
0.0
0.4704295442640125
0.486144578313253
0.3453988367262152
0.0
0.0
0.0
0.0
0.0
0.0
0.0
0.0
0.3677976612331679
0.37296243798724305
0.40163004961020554
0.37157917383821
0.3718296916479477
0.49789779808890733
0.39343921139101856
0.29414208558371413
0.0
0.0
0.0
0.0
0.0
0.0
0.3427869372225745
0.0
0.0
0.0
0.0
0.0
0.42253012048192773
0.4095955249569707
0.0
0.0
0.0
0.0
0.3362231534834992
0.32740963855421684
0.0
0.0
0.3876506024096385
0.0
0.43109360518999074
0.41062822719449227
0.0
0.0
0.0
0.0
0.0
0.0
0.3437688253012048
0.0
0.0
0.0
0.38124189063948094
0.0
0.27379518072289155
0.0
0.0
0.0
0.0
0.0
0.0
0.0
0.0
0.0
0.0
0.0
0.3169879518072289
0.3108433734939759
0.0
0.371285140562249
0.40706462212486305
0.0
0.0
0.3981927710843373
0.38554216867469876
0.0
0.0
0.0
0.0
0.0
0.0
0.0
0.0
0.0
0.0
0.43072289156626503
0.0
0.0
0.4050791400897708
0.390722891566265
0.0
0.0
0.0
0.0
0.0
0.0
0.0
0.0
0.0
0.0
0.3281805186849091
0.30635646032405484
0.0
0.4204819277108433
0.45571084337349393
0.4589859437751004
0.4492421298095608
0.40585024662408015
0.4328915662650602
0.0
0.0
0.0
0.0
0.0
0.0
0.0
0.0
0.3609186746987952
0.0
0.0
0.0
0.0
0.0
0.0
0.44761974728181014
0.4234634741497636
0.0
0.0
0.4414439006024096
0.0
0.0
0.0
0.0
0.0
0.0
0.0
0.3961250407033539
0.0
0.0
0.0
0.0
0.4484939759036144
0.44112367838701744
0.4266332937383336
0.4284096385542169
0.4132530120481927
0.0
0.0
0.3711273666092943
0.0
0.0
0.0
0.0
0.41590909090909084
0.0
0.0
0.4155722891566265
0.4141781411359724
0.0
0.0
0.38756845564074477
0.4080230010952902
0.0
0.0
0.0
0.0
0.48483935742971884
0.0
0.0
0.4073822562979189
0.0
0.0
0.0
0.0
0.0
0.0
0.0
0.0
0.0
0.0
0.5623580034423408
0.39170013386880853
0.0
0.0
0.0
0.0
0.0
0.0
0.0
0.0
0.0
0.0
0.0
0.0
0.0
0.0
0.0
0.0
0.0
0.0
0.0
0.0
0.0
0.0
0.44548192771084333
0.49821529596647457
0.0
0.0
0.5116067007757056
0.4865060240963855
0.0
0.0
0.0
0.0
0.0
0.0
0.48528540391072483
0.0
0.0
0.0
0.0
0.0
0.0
0.0
0.5230798192771084
0.5191732447029497
0.0
0.0
0.0
0.0
0.0
0.48241716867469875
0.5121820615796518
0.0
0.0
0.0
0.0
0.0
0.0
0.0
0.0
0.511617900172117
0.4724062918340027
0.0
0.0
0.0
0.0
0.0
0.0
0.0
0.0
0.0
0.0
0.4623652504755865
0.4933840625660536
0.5242226548113853
0.0
0.0
0.0
0.0
0.0
0.0
0.0
0.0
0.0
0.0
0.0
0.49098239110287295
0.48999124991586457
0.5151778712483068
0.5159638554216867
0.0
0.0
0.0
0.0
0.5613119143239625
0.5740609496810771
0.5933923192771083
0.5969018932874354
0.0
0.4541357738646895
0.5093643539675945
0.49268799335272123
0.49745219409749086
0.5218554216867469
0.0
0.0
0.0
0.5428141135972461
0.563855421686747
0.0
0.0
0.0
0.0
0.5052849499982934
0.4820893856357888
0.5232680722891566
0.0
0.48965477293790544
0.4814773657737747
0.0
0.0
0.0
0.0
0.0
0.0
0.45377160817181766
0.48817771084337347
0.5094607939956548
0.4730421686746988
0.48775100401606425
0.47891566265060237
0.0
0.48894525470302264
0.0
0.0
0.0
0.0
0.0
0.0
0.0
0.5246987951807228
0.5434830230010953
0.0
0.47273369339426674
0.48009429020429545
0.0
0.0
0.0
0.0
0.0
0.0
0.0
0.0
0.0
0.0
0.0
0.0
0.0
0.5413253012048193
0.5575532900834105
0.0
0.0
0.519761974728181
0.506706827309237
0.0
0.0
0.0
0.0
0.0
0.0
0.0
0.0
0.0
0.0
0.5616770654044749
0.0
0.0
0.48229842446709914
0.4744287494806813
0.5190854326396495
0.5540286144578312
0.0
0.0
0.0
0.0
0.0
0.0
0.0
0.0
0.0
0.0
0.0
0.569802847754655
0.538702756230401
0.5601243684415079
0.563855421686747
0.5310187177280551
0.5378179384203481
0.0
0.5418015813253012
0.5259036144578313
0.0
0.0
0.0
0.0
0.0
0.0
0.0
0.0
0.0
0.0
0.0
0.0
0.6301204819277109
0.5386976477337923
0.0
0.0
0.4918298192771084
0.0
0.0
0.0
0.0
0.0
0.0
0.0
0.0
0.0
0.0
0.0
0.0
0.5616506024096385
0.5323737698887152
0.4680431403031481
0.42954126813027876
0.46084337349397586
0.0
0.0
0.0
0.0
0.0
0.0
0.0
0.5674532994362772
0.0
0.4506275100401606
0.48420826161790015
0.4766566265060241
0.0
0.0
0.0
0.0
0.0
0.0
0.0
0.0
0.5320149017121116
0.531024096385542
0.4654470513633481
0.48265739012387576
0.0
0.0
0.0
0.0
0.0
0.0
0.0
0.0
0.0
0.0
0.5568323928625896
0.5040806240482996
0.0
0.0
0.0
0.0
0.0
0.0
0.0
0.0
0.0
0.0
0.0
0.0
0.0
0.0
0.0
0.0
0.0
0.0
0.0
0.0
0.0
0.0
0.46652484939759037
0.46047360798693493
0.0
0.0
0.4757957505698469
0.0
0.0
0.0
0.0
0.0
0.0
0.0
0.48267728896040185
0.0
0.0
0.0
0.0
0.0
0.0
0.0
0.4632092004381161
0.47363256707812845
0.0
0.0
0.0
0.0
0.0
0.0
0.5122244739325966
0.0
0.0
0.0
0.0
0.0
0.0
0.0
0.0
0.0
0.4752185886402754
0.4836402753872633
0.0
0.0
0.0
0.0
0.0
0.0
0.0
0.0
0.0
0.0
0.0
0.47119386637458927
0.47080055760231
0.0
0.0
0.0
0.0
0.0
0.0
0.0
0.0
0.0
0.0
0.0
0.45406626506024095
0.4511000523834468
0.5059885210131866
0.0
0.0
0.0
0.0
0.0
0.0
0.0
0.0
0.0
0.0
0.0
0.0
0.0
0.4614676889375684
0.4760655120481927
0.5025328587075575
0.0
0.0
0.0
0.0
0.0
0.0
0.0
0.5076670317634173
0.46602898078801697
0.4723339871112356
0.47088850100046825
0.4744439295644115
0.47514405447878466
0.0
0.7150919467343055
0.0
0.0
0.4620481927710843
0.45368975903614456
0.45763527482711913
0.4555916736251938
0.0
0.0
0.4946878422782037
0.0
0.0
0.0
0.5442469879518071
0.0
0.0
0.0
0.44470740103270223
0.0
0.5208999476165531
0.530830581263298
0.45938877461063765
0.5428192771084337
0.5575301204819276
0.47399252181138346
0.0
0.0
0.0
0.0
0.0
0.0
0.0
0.0
0.0
0.0
0.4637349397590362
0.0
0.5118838992332968
0.0
0.4913080895008605
0.5439759036144578
0.4853377796901893
0.0
0.0
0.0
0.0
0.0
0.0
0.0
0.0
0.4502259036144578
0.0
0.5078829604130808
0.5151355421686747
0.49239637977748313
0.0
0.0
0.0
0.0
0.0
0.0
0.4484509466437177
0.444578313253012
0.0
0.0
0.0
0.0
0.0
0.4360350492880613
0.0
0.0
0.4745298266235674
0.4967437316834906
0.0
0.0
0.5018072289156627
0.4978915662650602
0.0
0.0
0.0
0.0
0.0
0.0
0.0
0.0
0.0
0.0
0.0
0.5015447504302926
0.0
0.0
0.0
0.0
0.0
0.0
0.0
0.0
0.0
0.0
0.0
0.0
0.0
0.4687577897798088
0.0
0.0
0.5023655598001763
0.0
0.0
0.0
0.0
0.5450602409638554
0.0
0.0
0.0
0.0
0.0
0.0
0.509489156626506
0.5419937815779245
0.5243975903614457
0.5470690454124189
0.5419923596826329
0.0
0.0
0.0
0.0
0.0
0.0
0.0
0.432483781278962
0.0
0.4631752817722503
0.0
0.0
0.0
0.5111696787148594
0.5144578313253012
0.0
0.0
0.4608922175187235
0.0
0.0
0.0
0.0
0.0
0.45042766485790486
0.0
0.0
0.0
0.0
0.513967497898571
0.0
0.0
0.45863855421686744
0.4503253012048193
0.0
0.0
0.0
0.0
0.0
0.43720155657892495
0.0
0.0
0.0
0.0
0.0
0.48368017524644025
0.0
0.0
0.0
0.0
0.0
0.0
0.4222679856807421
0.5008159382966884
0.0
0.0
0.5237987243090007
0.0
0.0
0.0
0.0
0.0
0.0
0.0
0.5282019381875328
0.0
0.0
0.0
0.0
0.0
0.0
0.0
0.5053012048192771
0.5168532397305758
0.0
0.0
0.0
0.0
0.0
0.0
0.5102065404475042
0.0
0.0
0.0
0.0
0.0
0.0
0.0
0.0
0.0
0.5209054969879517
0.5109772423025435
0.0
0.0
0.0
0.0
0.0
0.0
0.0
0.0
0.0
0.0
0.0
0.5349397590361445
0.5248236849838377
0.0
0.0
0.0
0.0
0.0
0.0
0.0
0.0
0.0
0.0
0.0
0.5106927710843373
0.5465576592082616
0.5138043700224627
0.0
0.0
0.0
0.0
0.0
0.0
0.0
0.0
0.0
0.0
0.0
0.0
0.0
0.5088353413654618
0.5257062733693394
0.503369229128905
0.0
0.0
0.0
0.0
0.0
0.0
0.0
0.5123493975903615
0.4723525681674064
0.5006487488415199
0.5571149462715728
0.5005769557101646
0.4683768782997157
0.0
0.516867469879518
0.4992666317443687
0.558433734939759
0.0
0.0
0.5057659208261617
0.4943524096385542
0.0
0.0
0.470726656626506
0.0
0.0
0.0
0.5575559380378657
0.0
0.0
0.0
0.0
0.0
0.40997033057354204
0.4814229892543145
0.4792771084337349
0.0
0.4725903614457831
0.468098866052445
0.0
0.0
0.0
0.0
0.0
0.46847049213804365
0.5855421686746988
0.0
0.0
0.0
0.0
0.0
0.6434830230010953
0.0
0.4710090361445783
0.0
0.0
0.0
0.0
0.0
0.0
0.5302710843373494
0.0
0.0
0.0
0.0
0.0
1.0
0.0
0.4620361445783132
0.0
0.5036144578313253
0.0
0.0
0.0
0.0
0.5504016064257028
0.5249999999999999
0.0
0.0
0.0
0.0
0.0
0.0
0.0
0.0
0.4534613028384725
0.5000602409638554
0.0
0.5286144578313252
0.5309810671256454
0.0
0.0
0.0
0.0
0.0
0.0
0.0
0.0
0.0
0.0
0.0
0.0
0.4855421686746988
0.0
0.0
0.0
0.5891566265060241
0.0
0.0
0.0
0.0
0.0
0.0
0.0
0.0
0.0
0.0
0.0
0.0
0.4930704183192397
0.0
0.0
0.0
0.0
0.5025159461374911
0.0
0.0
0.0
0.0
0.0
0.0
0.47711746987951803
0.491194188518781
0.510145846544071
0.4921783909832879
0.504716739297616
0.0
0.0
0.0
0.0
0.0
0.0
0.0
0.0
0.0
0.44495657046791814
0.0
0.0
0.0
0.5361376936316695
0.5398830616583983
0.0
0.0
0.5363453815261043
0.0
0.0
0.0
0.0
0.0
0.40946933802626234
0.0
0.0
0.0
0.0
0.5244001214943809
0.0
0.0
0.3877932783766645
0.4109371913885048
0.0
0.0
0.0
0.0
0.0
0.42735689841076363
0.0
0.0
0.0
0.0
0.0
0.0
0.0
0.0
0.0
0.0
0.0
0.0
0.4514980976537729
0.4187732530120482
0.0
0.0
0.43311692365316184
0.486144578313253
0.0
0.0
0.0
0.0
0.0
0.0
0.44577237521514623
0.0
0.0
0.0
0.0
0.0
0.0
0.0
0.4353519340519974
0.41778773384997275
0.0
0.0
0.0
0.0
0.0
0.0
0.43504663816556544
0.0
0.0
0.0
0.0
0.0
0.0
0.0
0.0
0.0
0.4425246440306681
0.3997740963855422
0.0
0.0
0.0
0.0
0.0
0.0
0.0
0.0
0.0
0.0
0.0
0.45108433734939757
0.4532900834105653
0.0
0.0
0.0
0.0
0.0
0.0
0.0
0.0
0.0
0.0
0.0
0.2855421686746988
0.293722257450856
0.461522891566265
0.0
0.0
0.0
0.0
0.0
0.0
0.0
0.0
0.0
0.0
0.0
0.0
0.0
0.32426850258175555
0.39206694326976776
0.4305722891566265
0.0
0.0
0.0
0.0
0.0
0.0
0.0
0.3509036144578313
0.307197756543415
0.37712813872311673
0.37007024235939895
0.3450073019350128
0.44429296131896
0.0
0.4146084337349397
0.3224612736660929
0.3508032128514056
0.28798724309000706
0.4336103032820939
0.35409638554216866
0.31152610441767065
0.0
0.0
0.46445783132530116
0.0
0.0
0.0
0.0
0.0
0.0
0.0
0.0
0.0
0.36798092845314906
0.2865154083671369
0.3426506024096385
0.0
0.45406626506024095
0.4717330861909175
0.0
0.0
0.0
0.0
0.0
0.3869313990656503
0.0
0.0
0.0
0.0
0.3573795180722891
0.35963855421686747
0.0
0.0
0.4171352074966532
0.0
0.5114457831325301
0.0
0.0
0.0
0.0
0.3137349397590361
0.0
0.0
0.0
0.3777969018932874
0.0
0.0
0.0
0.4805143651529193
0.0
0.48083873957367923
0.0
0.0
0.0
0.0
0.0
0.0
0.0
0.0
0.0
0.0
0.0
0.38923192771084336
0.3815834767641996
0.0
0.4565155358275206
0.46693088142041844
0.0
0.481726907630522
0.48207831325301204
0.4811746987951807
0.0
0.0
0.0
0.0
0.0
0.0
0.0
0.0
0.39592771084337347
0.0
0.0
0.3898432892408796
0.0
0.0
0.0
0.49417670682730924
0.4734186746987951
0.0
0.0
0.0
0.0
0.0
0.0
0.0
0.0
0.39085432639649503
0.0
0.0
0.4416210295728368
0.0
0.0
0.0
0.0
0.42220883534136544
0.4328313253012048
0.0
0.0
0.0
0.0
0.0
0.41069052328717853
0.44297961075069503
0.4142052079284881
0.43170180722891566
0.46645529486366516
0.0
0.0
0.0
0.0
0.0
0.0
0.0
0.40907740551246075
0.0
0.336604600219058
0.0
0.0
0.0
0.4973705633344187
0.48920580280304893
0.0
0.0
0.0
0.0
0.0
0.0
0.0
0.0
0.32764675724173287
0.0
0.0
0.0
0.0
0.46833584337349393
0.0
0.0
0.0
0.0
0.0
0.0
0.0
0.0
0.0
0.0
0.0
0.0
0.0
0.0
0.0
0.0
0.0
0.0
0.0
0.0
0.0
0.0
0.16367432921871536
0.23137030192483077
0.0
0.0
0.20844712182061578
0.0
0.0
0.0
0.0
0.0
0.0
0.0
0.18202409638554215
0.0
0.0
0.0
0.0
0.0
0.0
0.0
0.22433734939759037
0.201457739354364
0.0
0.0
0.0
0.0
0.0
0.0
0.22936092194866423
0.0
0.0
0.0
0.0
0.0
0.0
0.0
0.0
0.0
0.1863491702659695
0.19279671879005383
0.0
0.0
0.0
0.0
0.0
0.0
0.0
0.0
0.0
0.0
0.0
0.24186746987951807
0.21967179061071873
0.0
0.0
0.0
0.0
0.0
0.0
0.0
0.0
0.0
0.0
0.0
0.21596385542168672
0.2150602409638554
0.26890875604328135
0.0
0.0
0.0
0.0
0.0
0.0
0.0
0.0
0.0
0.0
0.0
0.0
0.0
0.19066265060240964
0.2499692648143595
0.3013332016590954
0.0
0.0
0.0
0.0
0.0
0.0
0.0
0.30512048192771085
0.21841652323580033
0.22691410804508355
0.21113994439295644
0.2157254016064257
0.0
0.0
0.0
0.0
0.0
0.3182113067655236
0.29318813716404074
0.30189328743545607
0.21699655765920825
0.0
0.222003804692454
0.22333178869323447
0.0
0.0
0.0
0.0
0.0
0.0
0.0
0.29532246633593195
0.0
0.17196336365871648
0.1982788296041308
0.26890060240963853
0.0
0.22048192771084335
0.22884419032060443
0.0
0.0
0.0
0.0
0.0
0.0
0.0
0.0
0.0
0.0
0.28373493975903613
0.2783132530120482
0.18786471185948614
0.0
0.27016723610861354
0.0
0.21890470974808324
0.0
0.0
0.0
0.0
0.0
0.0
0.0
0.0
0.2835777894185437
0.2181186283595922
0.17334016918738784
0.0
0.2636731801154196
0.0
0.22150765223054378
0.0
0.0
0.0
0.0
0.0
0.0
0.0
0.0
0.0
0.0
0.0
0.0
0.2527392589224824
0.0
0.26542563697412597
0.21353465811297134
0.0
0.20240963855421684
0.20015912707433506
0.2461847389558233
0.0
0.0
0.0
0.0
0.0
0.0
0.0
0.0
0.2328394659719961
0.0
0.0
0.2617743702081051
0.0
0.0
0.0
0.24230769230769228
0.24445149017121115
0.0
0.0
0.0
0.0
0.0
0.0
0.0
0.0
0.26109437751004017
0.19123767798466593
0.0
0.28180199057097954
0.0
0.0
0.0
0.0
0.0
0.0
0.0
0.0
0.0
0.0
0.26777108433734936
0.2580589022757697
0.2706325301204819
0.2628148959474261
0.24608433734939755
0.2104977286193956
0.0
0.0
0.0
0.0
0.0
0.2647197485594552
0.0
0.24742971887550197
0.0
0.25995983935742967
0.0
0.0
0.1933734939759036
0.2554268799335272
0.222289156626506
0.0
0.0
0.0
0.0
0.2739759036144578
0.0
0.0
0.0
0.2693220643769106
0.0
0.0
0.0
0.0
0.2182444061962134
0.0
0.0
0.2845638191865205
0.2836121183764183
0.0
0.0
0.0
0.0
0.0
0.24765548681211327
0.0
0.0
0.0
0.0
0.0
0.23629518072289155
0.0
0.0
0.2486746987951807
0.0
0.0
0.0
0.20877500148376757
0.35065869012381706
0.0
0.0
0.37524644030668125
0.0
0.0
0.0
0.0
0.0
0.0
0.0
0.3259548833632402
0.0
0.0
0.0
0.0
0.0
0.0
0.0
0.33354668674698795
0.3083625410733844
0.0
0.0
0.0
0.0
0.0
0.0
0.41910701630049607
0.0
0.0
0.0
0.0
0.0
0.0
0.0
0.0
0.0
0.42476451259583786
0.3856890978548339
0.0
0.0
0.0
0.0
0.0
0.0
0.2672572643515237
0.0
0.0
0.0
0.0
0.3867469879518072
0.3720309810671256
0.0
0.0
0.0
0.0
0.0
0.0
0.0
0.0
0.0
0.0
0.0
0.2244578313253012
0.0
0.3575080811049074
0.0
0.0
0.0
0.0
0.0
0.0
0.0
0.0
0.0
0.24987951807228917
0.0
0.0
0.0
0.3631325301204819
0.28546260513753124
0.31460126219162365
0.0
0.0
0.0
0.0
0.0
0.0
0.0
0.3281780181952299
0.2777335758126847
0.3161529840291398
0.32610914245216155
0.3359128822984244
0.0
0.0
0.0
0.0
0.0
0.0
0.0
0.3329730687455705
0.3080859520556452
0.0
0.0
0.0
0.0
0.0
0.0
0.0
0.0
0.0
0.0
0.0
0.0
0.0
0.5075232749178532
0.5731927710843373
0.0
0.0
0.3229776247848537
0.0
0.0
0.0
0.0
0.0
0.0
0.0
0.0
0.0
0.0
0.0
0.0
0.0
0.0
0.41778376664552946
0.0
0.36858433734939755
0.0
0.0
0.0
0.0
0.0
0.0
0.0
0.0
0.0
0.0
0.0
0.0
0.35107475355969325
0.0
0.2948364888123924
0.0
0.0
0.0
0.0
0.0
0.0
0.0
0.0
0.0
0.0
0.0
0.0
0.0
0.0
0.2606546668602119
0.3204819277108434
0.0
0.2966867469879518
0.3252259036144578
0.28373493975903613
0.0
0.0
0.0
0.0
0.0
0.0
0.0
0.0
0.0
0.0
0.0
0.37741935483870964
0.0
0.0
0.0
0.2968373493975903
0.2895180722891566
0.0
0.0
0.0
0.0
0.0
0.0
0.0
0.0
0.0
0.0
0.0
0.32491890639481
0.0
0.0
0.0
0.0
0.2698923352986414
0.0
0.0
0.0
0.0
0.0
0.0
0.30103360811667723
0.4003576807228915
0.0
0.0
0.43433734939759033
0.0
0.0
0.0
0.0
0.0
0.0
0.0
0.386972891566265
0.0
0.26778614457831323
0.0
0.0
0.0
0.3642236791689727
0.37370912220309804
0.0
0.0
0.36216867469879516
0.0
0.0
0.0
0.0
0.0
0.3432965906177903
0.0
0.0
0.0
0.28418674698795177
0.35240963855421686
0.0
0.0
0.36662204373047746
0.37605297221945627
0.0
0.0
0.0
0.0
0.0
0.3454873548247042
0.0
0.0
0.0
0.0
0.0
0.40682730923694777
0.0
0.0
0.0
0.0
0.0
0.0
0.43310633839706647
0.443136073706591
0.0
0.0
0.4988751466041156
0.0
0.0
0.0
0.0
0.0
0.0
0.0
0.5021915247195678
0.0
0.0
0.0
0.0
0.0
0.0
0.0
0.5850106307583274
0.463855421686747
0.0
0.0
0.0
0.0
0.0
0.0
0.46393359698335324
0.0
0.0
0.0
0.0
0.0
0.0
0.0
0.0
0.0
0.4504755865567533
0.3907487091222031
0.0
0.0
0.0
0.0
0.0
0.0
0.3819726667865492
0.0
0.0
0.0
0.0
0.4481927710843373
0.4485083189902466
0.0
0.0
0.0
0.0
0.0
0.0
0.0
0.0
0.0
0.0
0.0
0.4340963855421686
0.43344578313253007
0.4542219297357497
0.0
0.0
0.0
0.0
0.0
0.0
0.0
0.0
0.0
0.3683132530120482
0.0
0.0
0.0
0.37879518072289153
0.4390761064058213
0.46392844103687475
0.0
0.0
0.0
0.0
0.0
0.0
0.0
0.4312048192771084
0.44656359427859216
0.4349397590361445
0.41468758755954044
0.42212349397590354
0.0
0.0
0.0
0.0
0.0
0.45778977980889074
0.4518072289156626
0.4801807228915662
0.45724476854787566
0.0
0.0
0.0
0.0
0.0
0.0
0.0
0.0
0.0
0.0
0.0
0.0
0.5712614145342175
0.524007325739653
0.428539156626506
0.0
0.5823795180722892
0.4847576351919305
0.0
0.0
0.0
0.0
0.0
0.0
0.0
0.0
0.0
0.0
0.39202114580772063
0.0
0.4040366189166113
0.0
0.44707104279185705
0.0
0.5655421686746988
0.0
0.0
0.0
0.0
0.0
0.0
0.0
0.0
0.0
0.0
0.4068493150684931
0.45540624034599936
0.5078313253012048
0.0
0.5687951807228916
0.0
0.0
0.0
0.0
0.0
0.0
0.0
0.0
0.0
0.0
0.0
0.0
0.0
0.0
0.3978260869565217
0.4704819277108433
0.0
0.48911359724612735
0.47817340791738383
0.5438253012048193
0.0
0.0
0.0
0.0
0.0
0.0
0.0
0.0
0.40075301204819275
0.0
0.0
0.4705640744797371
0.0
0.0
0.0
0.5933132530120482
0.5118072289156625
0.0
0.0
0.0
0.0
0.0
0.0
0.0
0.0
0.0
0.0
0.0
0.4993115318416523
0.0
0.0
0.0
0.0
0.49906291834002675
0.6055421686746988
0.0
0.0
0.0
0.0
0.3386402753872633
0.6257356348470806
0.5536692223439211
0.6015490533562822
0.6282205746061168
0.5684738955823293
0.0
0.6271084337349397
0.6051506024096386
0.6076541459957476
0.0
0.0
0.0
0.46910499139414796
0.0
0.0
0.0
0.0
0.0
0.591436515291937
0.6103012048192771
0.6350602409638554
0.0
0.0
0.0
0.0
0.0
0.0
0.0
0.0
0.0
0.0
0.0
0.6376506024096384
0.6008518149029238
0.0
0.0
0.0
0.0
0.0
0.0
0.0
0.0
0.0
0.0
0.0
0.0
0.0
0.0
0.0
0.0
0.0
0.0
0.0
0.0
0.0
0.0
