-0.23063575
0.2331922
-0.21028987
-0.061192036
-0.38856268
0.2059134
0.07277688
-0.05160176
0.4078369
-0.06836801
-0.021045215
0.45265087
-0.48646936
-0.050176784
-0.09490592
-0.32390794
-0.021671535
0.018746333
0.24033484
-0.11397318
0.13266398
0.13528812
-0.5114209
0.2774198
-0.08950845
0.012127537
-0.38461438
0.1557374
-0.16533726
0.43814415
0.44210243
0.25289586
-0.21858867
-0.2521304
-0.13962261
0.07657057
-0.23576607
0.13610601
-0.2751418
-0.32247102
-0.17001227
-0.6101679
0.076492764
0.067168854
-0.54248905
0.2131289
-0.18980314
0.035953887
-0.13764952
-0.2176396
0.07178683
-0.6200091
-0.035676222
0.31980413
-0.24690348
-0.3252377
0.6051773
-0.7604967
0.483226
0.09867777
0.104698434
-0.18027963
-0.23641372
-0.31309327
